5.517171077988872741e-01
4.878544572896089671e-01
5.963522949495354553e-01
4.932081788651171972e-01
4.860829751642380958e-01
4.061690174419789745e-01
3.387332042240746022e-01
4.023520855835132637e-01
4.057148557005605949e-01
4.366434225561793281e-01
4.832367154514505825e-01
5.180976963339464225e-01
5.147228622965549505e-01
6.288781755705720178e-01
6.421364740798590764e-01
6.464351604765642412e-01
6.076186988181325743e-01
6.506386058763330427e-01
5.908406513175501473e-01
5.251771613879427925e-01
5.571665459767816131e-01
5.686831765551141338e-01
5.540132617911972535e-01
5.533234697241709021e-01
5.367388858561515930e-01
5.115144820727314245e-01
5.761616531036444222e-01
5.964268292071270849e-01
5.901321035814478533e-01
5.416506574177740729e-01
5.430685700569494179e-01
5.665489514697371609e-01
5.352599930116592741e-01
5.456502524119414277e-01
5.111463919222414276e-01
4.679283006945642032e-01
4.793947966275030614e-01
4.745246399493555089e-01
4.355424511786094577e-01
4.652101011264195840e-01
4.361248995452632338e-01
4.559654592254131500e-01
3.978633944239771125e-01
4.166238783366239540e-01
3.787545338339669554e-01
4.059850283143071614e-01
4.011737492032421692e-01
3.677145892104365377e-01
3.683673217259464949e-01
3.386303246111478926e-01
3.587938148233453250e-01
4.241661804654458523e-01
3.268042469641689873e-01
3.503777244246761846e-01
3.558912276634850769e-01
3.542445963214674864e-01
4.001235131583362192e-01
3.758526828820877852e-01
3.650157923074414112e-01
3.951528998757989908e-01
3.501526648945006426e-01
3.885712190149512857e-01
3.680103053872659791e-01
3.793706514933994356e-01
3.740831408015135029e-01
3.726192951811684306e-01
3.673228963082935117e-01
3.523526303592626752e-01
3.620495021229724331e-01
3.381991315574108814e-01
3.405520235154155806e-01
3.609275960582178366e-01
3.321462826893465947e-01
3.799024034610133937e-01
4.120801380871111363e-01
3.395924437772440130e-01
3.636294540337383085e-01
3.579311789525315146e-01
3.672148575420087213e-01
3.352205061929731666e-01
3.253598596879151428e-01
3.606359451632594748e-01
3.380487486541692843e-01
3.355509115100579476e-01
3.294542761293108857e-01
3.370938349174639193e-01
3.220910761128956135e-01
3.344934233174784999e-01
3.395942566483433622e-01
3.494439530709784747e-01
4.213794618578012297e-01
3.544863824120904061e-01
3.195613637169092969e-01
3.687354040072020056e-01
3.089337246948605786e-01
2.987917458365348944e-01
3.533153246241831358e-01
3.774301716474956492e-01
3.650784993027247349e-01
3.414831795161225036e-01
3.567222271788467181e-01
3.023417341126947155e-01
3.335408759328567507e-01
3.478455406987635001e-01
3.552989234415657172e-01
3.437113936257927271e-01
3.439364143274124541e-01
3.639351223267774382e-01
3.394897491683955826e-01
3.837489850284331316e-01
3.698827125423796991e-01
3.345242668394654562e-01
3.821374486533686832e-01
3.783915400757165703e-01
3.631144800492720481e-01
3.429019189064287376e-01
3.327932119775882103e-01
3.675900704769481386e-01
3.385078331145488506e-01
3.414271691327669944e-01
3.572971092267854809e-01
3.547733042937324388e-01
3.510115526032640543e-01
3.774220871319629578e-01
3.360475559501229226e-01
3.263521293952828528e-01
3.279760854199820774e-01
3.518968660088500622e-01
3.755589375203504665e-01
3.934428422703175610e-01
4.040978305705526519e-01
3.530563675322687667e-01
3.768530107718279787e-01
3.572989834332956360e-01
3.624945404404160687e-01
3.764707200598327308e-01
3.443463620000840053e-01
3.439686018305439519e-01
3.860755343197517786e-01
3.493050860987891859e-01
3.119997313832549857e-01
3.382788295332874173e-01
3.955582767944537670e-01
3.692804986906116360e-01
3.669864457924520984e-01
3.585368140463034980e-01
3.676626030394467559e-01
3.385144634682045184e-01
3.532451093257935604e-01
4.107319356783110664e-01
3.340209674106228710e-01
3.987604410649165376e-01
3.635075869302124563e-01
3.634318026458370765e-01
3.643769937836617845e-01
3.439341804210035991e-01
3.559308099261029867e-01
3.909750851446437414e-01
3.700653752273131980e-01
3.956273381130649969e-01
3.105591740407129264e-01
3.309115456783269793e-01
3.779730556716674461e-01
3.603823711100079819e-01
3.842092587703461737e-01
3.653296675559194462e-01
3.668278497463516308e-01
3.651749370898305092e-01
3.931408613935616914e-01
3.355847970870374231e-01
3.889991200694725149e-01
3.736908906836686195e-01
3.623898295427002147e-01
3.470184170546489200e-01
3.409235540569974798e-01
3.450358477539925972e-01
3.623920876786875800e-01
3.969364399871676552e-01
3.705645389945055879e-01
4.058114992382062525e-01
3.805737062217957600e-01
3.710627895550688282e-01
3.630300830074497109e-01
3.519859394918235518e-01
3.754482261881695315e-01
3.253896737908002490e-01
3.793144196929201239e-01
3.526952771768016026e-01
3.804904855176428069e-01
4.135229971238789104e-01
4.020700289670789962e-01
4.344881506294141493e-01
4.327839426053751160e-01
4.085677982643683981e-01
4.191868235663875897e-01
4.313001720756702295e-01
4.085737752650138166e-01
4.070617593976601500e-01
3.994180918450248030e-01
3.968629102341371673e-01
4.002906310900800624e-01
4.001658060639669556e-01
4.108034762331085887e-01
4.107832004708786844e-01
4.193755209262253758e-01
3.780833943465539693e-01
4.143110185019118208e-01
3.849042917481007020e-01
3.963936837767125798e-01
3.966162651423296159e-01
3.979838752041378047e-01
3.810701059219156472e-01
3.873612415267791431e-01
4.259992027160218742e-01
4.299253421576312850e-01
3.798100057228500637e-01
4.255350109610008258e-01
3.674318251473288055e-01
3.769294840953271164e-01
3.873757725918230421e-01
3.998523951200465554e-01
4.368414135796879205e-01
3.930921425483439591e-01
3.773469473994948142e-01
4.188741353803253076e-01
4.018408941567064852e-01
3.970025747802309879e-01
4.000746849487658574e-01
4.370087692606975938e-01
4.145797185067860435e-01
4.152120214389575792e-01
3.814118714406257715e-01
4.094187106165393386e-01
4.257060913516987899e-01
4.096796742850726258e-01
4.046821544774709678e-01
3.946254527064690376e-01
4.228189059974369890e-01
4.184115970803337081e-01
4.377617079517940324e-01
4.374384714406922559e-01
4.295534283804131603e-01
4.044059697542945475e-01
4.057139691666591941e-01
4.248851533748766451e-01
4.460354553333577554e-01
4.187822322994163016e-01
3.832073077684070572e-01
4.300359543911781435e-01
4.177420014553909211e-01
4.140840876091036460e-01
4.212157929553312918e-01
4.171855487359754089e-01
4.364669298448247692e-01
3.984089896858904467e-01
4.220381381167853108e-01
4.258111388674155062e-01
4.171784858845445920e-01
4.280234747947774809e-01
4.197544340750695158e-01
4.382956039957177641e-01
4.443782619769143793e-01
4.074652996963672447e-01
4.374506389657015770e-01
4.085506545050341942e-01
3.912546066933363376e-01
3.793281283056160191e-01
4.131267427792586489e-01
4.176065508835534734e-01
4.262486710318537098e-01
4.281349157509578007e-01
4.194615975953189246e-01
4.170528906931068036e-01
4.456768710881744977e-01
4.370371694994502065e-01
4.038289548506307503e-01
4.327356381336051605e-01
4.391825377443441814e-01
4.178750490470548584e-01
4.287718454752888486e-01
3.989672492474880539e-01
3.869100462725285072e-01
4.037746475597582263e-01
4.189030703180756654e-01
4.129052893895754917e-01
4.138343998731650597e-01
4.507436307408024811e-01
4.425772692544919229e-01
3.968166467889296944e-01
4.073767495605042921e-01
4.264303909491253819e-01
3.976386668946647607e-01
3.998380223942341605e-01
4.172748344676941445e-01
3.880079153901827005e-01
3.886499888391479196e-01
3.847523285528632875e-01
3.755097978653599844e-01
3.777296433078560778e-01
4.086005379042662033e-01
4.188753628081507419e-01
3.899114434535008722e-01
3.661536302597340753e-01
3.965883392395929130e-01
3.749947772558835379e-01
3.907997432142281680e-01
3.931964545957402635e-01
4.037434177923536760e-01
3.810323859039359551e-01
3.770190064707455990e-01
3.870824758319401093e-01
3.655507379067607365e-01
3.817544890042789407e-01
3.673703352500458652e-01
3.673820017945271243e-01
3.503424012251374897e-01
3.764026254571667396e-01
3.645218066849467697e-01
3.499551826329494464e-01
3.577042106096570695e-01
3.505467503844762467e-01
3.685374625024179229e-01
3.800523682051445418e-01
3.693220665468970321e-01
3.743884647336395144e-01
3.634021955362570777e-01
3.699757055830991126e-01
3.720557091679505546e-01
3.535875117216466523e-01
3.581147544311020225e-01
3.562686512353643864e-01
3.545701467963584541e-01
3.780773450468042363e-01
3.636686600117015056e-01
3.838682321022756083e-01
3.841649266658626605e-01
4.014275670794837381e-01
3.838133678490497913e-01
3.905034081386064559e-01
3.990686679411227789e-01
3.914643354545234155e-01
3.979155416597703332e-01
3.720787102022128368e-01
3.852305902074421584e-01
3.712566477520756192e-01
3.665920695638863469e-01
3.623039877054510249e-01
3.494246346399764724e-01
3.562894187042813798e-01
3.433970909351030110e-01
3.538645704223240540e-01
3.675510257842795614e-01
3.723903657795281097e-01
3.614738596841498008e-01
3.517896146716486538e-01
3.655913447501536462e-01
3.650099163608493957e-01
3.745510572718260267e-01
3.509038982729668077e-01
3.589318179767065908e-01
3.686717805801888459e-01
3.649658298883707852e-01
3.556064987792039167e-01
3.642433395455851874e-01
3.553376910985449055e-01
3.618082159547841847e-01
3.581983355008050429e-01
3.619998136741762185e-01
3.524697232286330695e-01
3.455798606087572278e-01
3.545061742692936502e-01
3.597100370785312751e-01
3.563174348444795858e-01
3.658579680590143823e-01
3.607841333315707222e-01
3.622201512556433856e-01
3.446193101080855525e-01
3.654574865560780150e-01
3.717756107279867606e-01
3.596112091301655878e-01
3.562569685017388244e-01
3.630557159032084535e-01
3.465807483286457713e-01
3.623291665027346120e-01
3.632372835844654979e-01
3.619644177990991585e-01
3.566125139496248986e-01
3.597238856359467607e-01
3.553654780435341332e-01
3.460974566311793565e-01
3.522999395932554512e-01
3.577245231247275781e-01
3.670485000929670782e-01
3.528543832981382855e-01
3.453514176379966494e-01
3.582963571532383207e-01
3.633392382057455960e-01
3.571260928625993869e-01
3.603117946524387882e-01
3.607566581401326911e-01
3.492445861789575945e-01
3.554030409934261225e-01
3.656480244367987797e-01
3.569821908479487993e-01
3.588210971565458651e-01
3.536498014905214982e-01
3.580180930410644669e-01
3.483003784479714593e-01
3.574103840793740883e-01
3.587468585024294887e-01
3.531227551893947880e-01
3.608312816052267058e-01
3.549445676226314350e-01
3.608319098133241365e-01
3.676215881359081727e-01
3.597500234783991280e-01
3.575788420189203731e-01
3.515384834362453303e-01
3.535301217404539509e-01
3.646946542064269936e-01
3.621216125238136407e-01
3.539636837391919588e-01
3.581793220824174284e-01
3.511567318047905673e-01
3.555929021769854703e-01
3.618733522296042060e-01
3.627963135525674732e-01
3.567915398258355575e-01
3.620379158253496654e-01
3.675376379089830281e-01
3.658926486829641722e-01
3.501057807090701690e-01
3.578128459055966437e-01
3.615936769610170187e-01
3.536749573736630570e-01
3.559238830057946390e-01
3.630109330718505056e-01
3.550105521925646657e-01
3.602695402588081408e-01
3.579465065107687027e-01
3.572069159935791771e-01
3.553100925253298015e-01
3.574578663783226085e-01
3.588442234612723158e-01
3.553690945572636761e-01
3.585933821021132784e-01
3.615923898190523400e-01
3.604912900997387371e-01
3.577552449828336756e-01
3.572802513016423154e-01
3.593786837701750114e-01
3.583778463988639418e-01
3.564356030160996669e-01
3.564281450663333572e-01
3.578168188591804855e-01
3.570525422341937483e-01
3.591943262160481876e-01
3.630943560625584654e-01
3.533411571850280652e-01
3.561321090855356641e-01
3.527815062156359760e-01
3.579669985059232840e-01
3.560645838773499050e-01
3.594076652948895445e-01
3.568959594456647122e-01
3.606390688712189374e-01
3.571551915424104329e-01
3.622615691069765997e-01
3.571384491245974124e-01
3.611218006702596184e-01
3.578781785725200781e-01
3.587084485072843387e-01
3.553506942526907242e-01
3.603383886252392032e-01
3.604017255092618055e-01
3.604774287436786073e-01
3.593263622243803024e-01
3.563222247199828718e-01
3.565478823593003499e-01
3.576881977975379656e-01
3.572280326564669095e-01
3.588018318080696822e-01
3.597492729628006258e-01
3.583764085257618581e-01
3.588182977749185820e-01
3.566635696095486474e-01
3.569860167352477132e-01
3.588093420971063541e-01
3.579028810932346483e-01
3.589033485845571914e-01
3.584679869193816426e-01
3.589090679636884329e-01
3.572666028051949549e-01
3.582997513667103284e-01
3.575507354279692240e-01
3.584242914832354576e-01
3.580703888395674328e-01
3.585351931745654475e-01
3.583857091536908346e-01
3.582692948831951996e-01
