9.087487163205001650e+01
9.380428987695987075e+01
9.037829212836295767e+01
9.110623161957899185e+01
8.885217781508563917e+01
8.763752318192447888e+01
8.847081261983694844e+01
8.489629217932700556e+01
8.346996485762214490e+01
8.560737083619272880e+01
8.211297040077558052e+01
8.294544369260076166e+01
7.792344180512300511e+01
7.955555991005269334e+01
7.843378876735738459e+01
7.787861480412037452e+01
7.339565772179663838e+01
7.862492862284103978e+01
7.580628341708410289e+01
7.421681802846738663e+01
7.381538341908274958e+01
6.891980579111913130e+01
7.094414430469880983e+01
7.087053893025148454e+01
6.817587911042954829e+01
7.031098976246944687e+01
6.750463814234176141e+01
6.637055228900986492e+01
6.249563412457802514e+01
6.504928792085134148e+01
6.133731601249149890e+01
5.898567134826979697e+01
5.849621851876089096e+01
5.894865020862204119e+01
5.532652863306861235e+01
5.608804456105006153e+01
5.770538691766020634e+01
5.536733012850147162e+01
5.640730778259630540e+01
5.454051598347332686e+01
5.388827944158268224e+01
5.564722925514074348e+01
5.256297344493761869e+01
4.761929066897199903e+01
4.924722547864672606e+01
4.727039336070043873e+01
4.727263334249308002e+01
4.831688652803059369e+01
4.674502585160251300e+01
4.390299616271503425e+01
4.613537915127091082e+01
4.534515391783086358e+01
4.539407212702819550e+01
4.302757335053324539e+01
4.093566837433111516e+01
4.231012793870575450e+01
4.220036226682760372e+01
3.924100136572411657e+01
3.722201937539561811e+01
3.934647112213325926e+01
4.084885310114273693e+01
3.535513195290987198e+01
3.592510862878875599e+01
3.089704849938758713e+01
3.380768724677997739e+01
3.096425154089808984e+01
3.359941410515290272e+01
3.296737356546190512e+01
3.188909607199129326e+01
3.306113269836159674e+01
2.958085749298171407e+01
3.084985552815037124e+01
2.729616805477293084e+01
2.897751046021206633e+01
2.535122992612801340e+01
2.358365409215281616e+01
3.008146684732673748e+01
2.759708309117412384e+01
2.894657689065048700e+01
2.302183131906062030e+01
2.177156329811114688e+01
2.278469763713800589e+01
2.748497748454169098e+01
2.449229848693202172e+01
2.739893016305665085e+01
2.486398159428062726e+01
2.107019821619077149e+01
2.697392838570284468e+01
2.725911411178536881e+01
2.395452347724341635e+01
2.602119311333064289e+01
2.561619773983487391e+01
2.615817964222217995e+01
2.691640185156802190e+01
2.569668818771324936e+01
2.179448211542362657e+01
2.440731192430072838e+01
2.325785037391578669e+01
2.732244625734319499e+01
2.427672769369541683e+01
2.548267799806260925e+01
2.571722293803833992e+01
3.077906326882802546e+01
2.459906447008810915e+01
2.790100619953008731e+01
2.931902682384088621e+01
2.423202061581137912e+01
2.598225076394457034e+01
3.165682418399938669e+01
2.406541261933662668e+01
2.730907058896022477e+01
2.827121826901307955e+01
2.807115334822789166e+01
3.005227367880219802e+01
2.816210102759243483e+01
2.719152625499409126e+01
3.182713186496157931e+01
2.974835979918389484e+01
3.219104634864744696e+01
2.952987097297902963e+01
3.027501334320122695e+01
3.374216108949794091e+01
3.144561754128567088e+01
2.991384475674096066e+01
3.216094221335985992e+01
2.985115507114748823e+01
2.852837834256035521e+01
3.212821981420507456e+01
3.625768123081596173e+01
3.303382400301330080e+01
3.334816765461651045e+01
3.421704044689302293e+01
3.509869495564621644e+01
3.372738789748616739e+01
3.679175651832164107e+01
3.156782951913414337e+01
3.287998288210700792e+01
3.334014511266985181e+01
3.511457575474351245e+01
3.406932235696458378e+01
3.673399076620412274e+01
3.521036460549375136e+01
3.799963455980194738e+01
3.142523790408375106e+01
3.656689137832924530e+01
3.179860986589838845e+01
3.435684083962617308e+01
3.299728710404074405e+01
3.568057322884418170e+01
3.316007971950106281e+01
3.454343900571667092e+01
3.797466505494021760e+01
3.506391499506774778e+01
3.558539245493470560e+01
3.681157015774444119e+01
3.626489671441161278e+01
3.666763287541112248e+01
3.719811115358343301e+01
3.549926615019039389e+01
3.773680439308822088e+01
3.661000853821901302e+01
3.704275139380010984e+01
3.568706916082852842e+01
3.547487578104414041e+01
3.587626000593931508e+01
3.583274792163647504e+01
3.718855254144519051e+01
3.540752933961113058e+01
3.697508733622872512e+01
3.640728398121679987e+01
3.666081607184275981e+01
3.804649499097060783e+01
3.665756331937551238e+01
3.789784041986882812e+01
3.776674142185857619e+01
3.905590796238362827e+01
3.752047304677954997e+01
3.788931163266874336e+01
3.788473060861007724e+01
3.908844480605883120e+01
3.683700334555638989e+01
3.241544169645609230e+01
3.629440095092715524e+01
3.843486374700204067e+01
3.593664269904301278e+01
4.017324129504479657e+01
3.715749906625205057e+01
3.735581385592933401e+01
3.686126639590059995e+01
3.652016586078956095e+01
4.108396482492285173e+01
4.050151749469215190e+01
3.955772633323144305e+01
3.753327655221535508e+01
3.816867925397943395e+01
3.950141305231136357e+01
3.670750494130822972e+01
3.924253001374973593e+01
3.822880267870898763e+01
3.615927544821542483e+01
3.885571115332037806e+01
3.715431899854151965e+01
3.752632840797930669e+01
3.869734561630093594e+01
3.685445747157349672e+01
4.082072435218331208e+01
3.814566930681154844e+01
3.740085177333388344e+01
3.940070579339157320e+01
3.749456162519024360e+01
3.635164790183167582e+01
3.625776420765909336e+01
3.817739488481399235e+01
3.907421016504973466e+01
3.766174227580184208e+01
3.719427493187959755e+01
3.830212101416045556e+01
3.877234361235024096e+01
3.861597520879458756e+01
3.829621000018744326e+01
3.882741231780738644e+01
3.783712395770905346e+01
3.653870439429555006e+01
3.850192968666586069e+01
3.827064794602495823e+01
3.566227290917260007e+01
3.695419517020575029e+01
3.821409194900289208e+01
3.585197907443948395e+01
3.938272764920841951e+01
3.874334353577467738e+01
3.907669654177955465e+01
3.999508428257685466e+01
4.108382815388676335e+01
3.902289935997509218e+01
4.126628993539299017e+01
4.069114828379605342e+01
3.934140609443078773e+01
4.022198697683865731e+01
3.894981515277514461e+01
4.160918296197124278e+01
4.271334574542286333e+01
4.222308422700566410e+01
4.207329916836864925e+01
4.137227576413567220e+01
4.477112549753084636e+01
4.254407933372880279e+01
4.084779223685253413e+01
4.338385173063512212e+01
4.364066737945153562e+01
4.196198856118589759e+01
4.328433492303551589e+01
4.423810563705995946e+01
4.224222793795843955e+01
4.192082241618707172e+01
4.438256862965642568e+01
4.311881502540774136e+01
4.440214537379363691e+01
4.385214047840202767e+01
4.362779148674238883e+01
4.392064020324932017e+01
4.383942086161427198e+01
4.291636357838809346e+01
4.360401092180560312e+01
4.407875576155428377e+01
4.386957256762879354e+01
4.457170168770826990e+01
4.434126518289125585e+01
4.397545841167525538e+01
4.296010403925113508e+01
4.348134413149659849e+01
4.611432916740901078e+01
4.368094115034337932e+01
4.420861762521508354e+01
4.239779067221950726e+01
4.366240190108904073e+01
4.361408777215196864e+01
4.401929045980138966e+01
4.334242127723077687e+01
4.149019018466486131e+01
4.391097530177908226e+01
4.391384833960105283e+01
4.492360861090487845e+01
4.493275561769746673e+01
4.470770198822339125e+01
4.123079276519199965e+01
4.126992024650032675e+01
4.288521065293369361e+01
4.322736681204685993e+01
4.145839468069063827e+01
4.070679149793164697e+01
4.236734068485416316e+01
4.067618802237826259e+01
4.254530414588403886e+01
4.240168891787553207e+01
4.554380586976398604e+01
4.037521027007529284e+01
4.303034363694992948e+01
3.959690292965838410e+01
4.355171468169150018e+01
4.214404611108736276e+01
4.260430801482655738e+01
4.195559144591996414e+01
3.985756395394107443e+01
4.059859016802511888e+01
4.320842278301850570e+01
4.081939750208836415e+01
3.997624867766663215e+01
4.111166244311855422e+01
4.270405443248883159e+01
4.060125745139731634e+01
4.097734502768010145e+01
4.101465295022536139e+01
4.149835034538653389e+01
4.633077446998089499e+01
4.066084082403937572e+01
4.102923477896015925e+01
4.201830073182375713e+01
4.160383726777834568e+01
4.307743342532202746e+01
4.321290119402589625e+01
4.060275062824224079e+01
4.149769300595033172e+01
4.020160988536462554e+01
4.235319928272782164e+01
4.194181799072624273e+01
4.204750967735123623e+01
4.156256974092768530e+01
4.304146109890194793e+01
4.305210229665152610e+01
4.384090720551984077e+01
4.079869586566210415e+01
4.328994586973495018e+01
3.954817910274409343e+01
4.247489674368162582e+01
4.000934694952888293e+01
4.182776265734823085e+01
4.069413293200498316e+01
3.972731601318895400e+01
4.377301150045698819e+01
4.095609170486259387e+01
4.319182229430796127e+01
4.354860573461801465e+01
4.224326866990993778e+01
4.331775962210078745e+01
4.252546694512313508e+01
4.400876835526021580e+01
4.439509192700845830e+01
4.226752695157064466e+01
4.226275240330768668e+01
4.460039507326378327e+01
4.134755721982276810e+01
4.144273923330396769e+01
4.258666948146982634e+01
3.778866770173832634e+01
4.271800379322827013e+01
4.014722174731037541e+01
3.978235539809850252e+01
4.020651492101323754e+01
4.154154174582079406e+01
4.150111557261304540e+01
3.956575995963051184e+01
4.003908224215208378e+01
3.935626132250060749e+01
4.030359628391108373e+01
4.019866536037255855e+01
3.832489782008620693e+01
3.963938841554543302e+01
3.621893108294678143e+01
3.775604693637161091e+01
4.321264820533554740e+01
4.156633573039772500e+01
4.140593498630612146e+01
4.019179915051773122e+01
4.239006038352892602e+01
3.961839000763548313e+01
4.152842855901948838e+01
4.034088139218303581e+01
4.075309668154337572e+01
4.328042857219423922e+01
3.979742634241308252e+01
4.001617388568885048e+01
4.025321620728115590e+01
4.181756064679194651e+01
4.034058252767064090e+01
4.162016241163792074e+01
4.327128479238370318e+01
4.047968284240417347e+01
4.289781057103811435e+01
4.080552296516765409e+01
4.224037990482660376e+01
4.125176980798654824e+01
4.075763699143251984e+01
4.205569086307741600e+01
4.145125473010780581e+01
4.131969907912070994e+01
4.140770293605726948e+01
4.023579609652231426e+01
4.132966958765950238e+01
4.379564584047713538e+01
4.443941197417835554e+01
4.487074420388246665e+01
4.403333306366681654e+01
4.470248645793851239e+01
4.571129312885455676e+01
4.504564934135101595e+01
4.694313140017587216e+01
4.631197708750079300e+01
4.715953954166682394e+01
4.659810864341805114e+01
4.788270057898395038e+01
4.696594050688067057e+01
4.963698374333510088e+01
4.979443760524544160e+01
4.601843615851043268e+01
4.559106563645090660e+01
4.912376037157894615e+01
4.559828876137767395e+01
4.584842418749677506e+01
4.647921087618166780e+01
4.624726831362704615e+01
4.591780352735401749e+01
4.506236869695381131e+01
4.569512605974434649e+01
4.602906535621092843e+01
4.480083357197693772e+01
4.487189083368024711e+01
4.613249187242254123e+01
4.545305557122517826e+01
4.711743547846028690e+01
4.315584301198059336e+01
4.414798583972282131e+01
4.223065865906060168e+01
4.485346028478641500e+01
4.190077294212311187e+01
4.269104959732788984e+01
4.541915304667188735e+01
4.410202636426623002e+01
4.470746745055325277e+01
4.501160949522542154e+01
4.452659080051193285e+01
4.316648071470922332e+01
4.233419684212100265e+01
4.170833813787862709e+01
4.536779492709376171e+01
4.493999119853569368e+01
4.584649315688966453e+01
4.585642295156091564e+01
4.688873834700352461e+01
4.785418466268649951e+01
4.570724989400310534e+01
4.604742092528260144e+01
4.463180176153156964e+01
4.552534317927393914e+01
4.502729637541025909e+01
4.678690095958494766e+01
4.700895090225510131e+01
4.755862602502695324e+01
4.681225556720426795e+01
4.451411788722411700e+01
4.515080763838359701e+01
4.611268904362707133e+01
4.425259830200661071e+01
4.611604278367309462e+01
4.648809144984648611e+01
4.503876854047280887e+01
4.854433838084564456e+01
4.688905270131961345e+01
4.710790118440870344e+01
4.662635676250963002e+01
4.536562979402884821e+01
4.832167762531209831e+01
4.836743192367199384e+01
4.643410314815874784e+01
4.849696876153230818e+01
4.655451980540378543e+01
4.707009952177290302e+01
4.480462738767852926e+01
4.694321384493536442e+01
4.980453795943561346e+01
4.649534780511537946e+01
4.815236206345635850e+01
4.734219673421362273e+01
4.567906501189216328e+01
4.709630487112947606e+01
4.450143353936405788e+01
4.706515059922091382e+01
4.733464384352343757e+01
4.605078654892125201e+01
4.873082191198948010e+01
4.586159934099345037e+01
4.890288328356272984e+01
4.808783441094299604e+01
4.668808776956868911e+01
4.833559552803010462e+01
4.768159920684687592e+01
4.612859717958241390e+01
4.716044043720399515e+01
4.812527146901165054e+01
4.640456301932992744e+01
4.635807366316029743e+01
4.586695170539525890e+01
4.748504292147484307e+01
4.683468231180660268e+01
4.606156625537020943e+01
4.426538150086809509e+01
4.345777855526564792e+01
4.460122653771881573e+01
4.684916803175926958e+01
4.442174294986813265e+01
4.455137131230064540e+01
4.302178942133300410e+01
4.343224993166715819e+01
4.523264213083726304e+01
4.374362700220709144e+01
4.443395423173499381e+01
4.474269406329705134e+01
4.727823506641809814e+01
4.673113348118497612e+01
4.697226489241678138e+01
4.886685544901083489e+01
5.003212861490035834e+01
4.579427237720435073e+01
4.791187158011680935e+01
4.822844153591739058e+01
4.913223497511162208e+01
4.584923143247728916e+01
4.481166115893574897e+01
4.471481988163794341e+01
4.832640328629654647e+01
4.710318911375016171e+01
4.709763810689523922e+01
4.528066024498086506e+01
4.788603418277564572e+01
4.747581757501769317e+01
4.632495164530777743e+01
4.475734658477654193e+01
4.619188473179552545e+01
4.847802669113535501e+01
4.667304978419067396e+01
4.631281994932569290e+01
4.736262158853510584e+01
4.764264193494363298e+01
4.824328798889963821e+01
4.688186800779094199e+01
4.667461298877748277e+01
4.581757490782871400e+01
4.686322524537091994e+01
4.385113551418258737e+01
4.358146834397474834e+01
4.459277192416952573e+01
4.764683428616668692e+01
4.634370236532589615e+01
4.551637021833400354e+01
4.248978615222065258e+01
4.576147352554247050e+01
4.391641597647870299e+01
4.657617128947728702e+01
4.662255119742687270e+01
4.617621294577997304e+01
4.646470284094365866e+01
4.345004100265634150e+01
4.123461816641737698e+01
4.436396699860735993e+01
4.493782870205711077e+01
4.585020061462919472e+01
4.635322516987570651e+01
4.221524044501045836e+01
4.666753504168952560e+01
4.587678709659494558e+01
4.581079112795136155e+01
4.751077904774311378e+01
4.586944486267469046e+01
4.721565524868661612e+01
4.780679762644489728e+01
4.596233833485784714e+01
4.785352163572858331e+01
4.979798736114483404e+01
4.756308427521381077e+01
4.967214081294062566e+01
4.856609041830889595e+01
4.570625385696601484e+01
4.384726097962733604e+01
4.667665359773020128e+01
4.543273911830250000e+01
4.458013848017668579e+01
4.661235785739913950e+01
4.505830720491849917e+01
4.491826530589967348e+01
4.278218786195245826e+01
4.651389246930681054e+01
4.680019670974535728e+01
4.371847527393831712e+01
4.438773630999842368e+01
4.559020799742721408e+01
4.400157942362627495e+01
4.318096801065878054e+01
4.341095289788187728e+01
4.346015166583148215e+01
4.428459848944570609e+01
4.354668591915342546e+01
4.259395337804781434e+01
4.146080883342028045e+01
4.244431863269496574e+01
4.738762565157674800e+01
4.435260562183776756e+01
5.006119747442458134e+01
4.714744904639374568e+01
4.343579420526053525e+01
4.448339546114999621e+01
4.617936356468482728e+01
4.842694548322654668e+01
4.731883202628527840e+01
4.633045941725347916e+01
4.689709908917306080e+01
4.818556393119161640e+01
4.601955366516742885e+01
4.453323276090443272e+01
4.562156390852123167e+01
4.475516178435420755e+01
4.586812201899179797e+01
4.558784943148678082e+01
4.601418153844173276e+01
4.499076179833474498e+01
4.567757136454030586e+01
4.496397677765185819e+01
4.498671788326993948e+01
4.509219266197919040e+01
4.415592064439427133e+01
4.993106897439078296e+01
4.896296692642906834e+01
4.678215570001202650e+01
4.923702088440859370e+01
4.721787532136250576e+01
4.701256224425312524e+01
4.551899117621604063e+01
4.556594466747858263e+01
4.650372947445771388e+01
4.592072092596274757e+01
4.430493812761712746e+01
4.550474999030720369e+01
4.624367353383002666e+01
4.760580446924269182e+01
4.820695976264303084e+01
4.628337691436452417e+01
4.610249352299761938e+01
4.724821348756619699e+01
4.385822857395656627e+01
4.513245174399749260e+01
4.573090816874276499e+01
4.422369436377744734e+01
4.435462769691979901e+01
4.501801863056412145e+01
4.692247505665804397e+01
4.982147513187156562e+01
4.645904256605161464e+01
4.659006549972620803e+01
4.552331621646240478e+01
4.745206527074469705e+01
4.696416333864618764e+01
4.777381574569393763e+01
4.858384544630654034e+01
4.778601796229050791e+01
5.081136651813427108e+01
4.662324424055970695e+01
4.857344146556947351e+01
4.597550996857006567e+01
4.918078290167959210e+01
5.078417691450034965e+01
4.716311012415111747e+01
4.793481582516714923e+01
4.767031160575143645e+01
4.816953136807640590e+01
5.162360800605119238e+01
4.963924902878897427e+01
5.138845780723584511e+01
4.910223062349152201e+01
4.933068305764527395e+01
4.971134196321739296e+01
4.960163268254015634e+01
5.023801224915341379e+01
5.128917538171985058e+01
4.900608996392169558e+01
4.904708471556077143e+01
5.203127275292800391e+01
4.809572979556349281e+01
5.007361261478734349e+01
5.051614639403052820e+01
4.968138948834787527e+01
4.691696512707751765e+01
4.993076940596532154e+01
4.908675866670417065e+01
5.005529705123406359e+01
4.861600960103385916e+01
4.921849672377185669e+01
5.018171489476451086e+01
4.888630992667003738e+01
4.684472413202082208e+01
4.975408243489462734e+01
4.660063380038562997e+01
4.846508523550873804e+01
4.910225683247385575e+01
4.897218435870746589e+01
4.754827463917620634e+01
4.781532143292835713e+01
4.528588144289729200e+01
4.763961828228804762e+01
4.804228766100509063e+01
4.754074107142153593e+01
4.809142539287324070e+01
4.774295796570329742e+01
4.789191315096783796e+01
4.710094965332908146e+01
4.529608800012540115e+01
4.649173329856275672e+01
4.865059682251271056e+01
4.929861944371099725e+01
4.526164403294014704e+01
4.746652448977728511e+01
4.596353799339308921e+01
4.859608916066680706e+01
4.695668091727570470e+01
4.973101753850059481e+01
4.623385600816872909e+01
4.435115568660834384e+01
4.608510647437872620e+01
4.968805871562680210e+01
4.839100995412928796e+01
4.724214163660082733e+01
4.475404288876222125e+01
4.431998893149823004e+01
4.500818169814237280e+01
4.576942996738078051e+01
4.831279668726860166e+01
4.554099743629094377e+01
4.598613706674716184e+01
4.767086716040596883e+01
4.505093598225229812e+01
4.680090680349424304e+01
4.598026345748795052e+01
4.895560607959473742e+01
4.665606150108903449e+01
4.574458157102284872e+01
4.788302595140893914e+01
4.688774755203139932e+01
4.771930983845554408e+01
4.590141766452822480e+01
4.665438791207455438e+01
4.636564986667533361e+01
4.420681010068759065e+01
4.649908581510902650e+01
4.758471616951671734e+01
4.863164969046079733e+01
4.845155121990864444e+01
4.872145855679340798e+01
5.014055626045844605e+01
4.717156740614784383e+01
4.533842247258417046e+01
4.502253407573571309e+01
4.953361155459980125e+01
4.623209549581143563e+01
4.762852563471066958e+01
4.633439911297663372e+01
4.818792257639107390e+01
5.046382189071819369e+01
4.952499868031485875e+01
4.707621577896512122e+01
4.710000690773988197e+01
4.663254229715990107e+01
4.523906224909474361e+01
4.686570713296985247e+01
4.838034562555529305e+01
4.678583101481456907e+01
4.572835217334655056e+01
4.809695482155850499e+01
4.920680732806548718e+01
5.172138032868488722e+01
5.163092153531304263e+01
4.764417951444913513e+01
4.950239603940540434e+01
4.667097827003804156e+01
4.617696442978177629e+01
4.980017694633970393e+01
4.820130249527774424e+01
4.939665307573777397e+01
4.807677729129788702e+01
4.697942797952428151e+01
4.965001170471529690e+01
4.833355670892633782e+01
4.742773834570376579e+01
4.884078339608426234e+01
4.812444505238898529e+01
4.649850152742224907e+01
4.795628810481797899e+01
4.566776947694017252e+01
4.534749036530245547e+01
4.491360129226727338e+01
4.559781642426980142e+01
4.497960218748205108e+01
4.741402073819904928e+01
4.592534663944986306e+01
4.694894648792833181e+01
4.608978732498260911e+01
4.792996373156863399e+01
4.789275095370964408e+01
4.719281420084493561e+01
4.511159636743534662e+01
4.660351468925762930e+01
4.755940832489363146e+01
4.500725912236641335e+01
4.447843431367991940e+01
4.950602631629213590e+01
4.850702286969600863e+01
4.751251155444953866e+01
4.290056916877382065e+01
4.672626479425899504e+01
4.697911007417509666e+01
4.744792997133315993e+01
4.810513220571660042e+01
4.653787370202762474e+01
5.033799544227213119e+01
4.880985156217282395e+01
4.941915582434352672e+01
4.829108293529638729e+01
4.938571187001364393e+01
5.046474278495791310e+01
5.098995531102757184e+01
4.906699393342633897e+01
5.000857730739576823e+01
4.856926049988253169e+01
4.915981048602998271e+01
4.846658608500133880e+01
4.776988838439726948e+01
4.763592914030120795e+01
4.952595553926867211e+01
5.118923331279640365e+01
4.869186630551317307e+01
4.730530112861823255e+01
4.755532268578551935e+01
4.693270898436539795e+01
5.042764055602376061e+01
5.014592345275323026e+01
4.818479144102132494e+01
5.066793913739702759e+01
5.046798775090167766e+01
4.897554895849943080e+01
4.893791925108197916e+01
4.960592824142331381e+01
5.186100576167509502e+01
4.599740160400634181e+01
4.893032069173948884e+01
5.088639719389512095e+01
5.101983411920489431e+01
4.824340331094643375e+01
5.051226257410907294e+01
4.840668234750947363e+01
4.876338711005426063e+01
4.894056511686813593e+01
4.719357422692704773e+01
4.603155525405589543e+01
4.839635655326284791e+01
4.943445382265998234e+01
5.103504865370744170e+01
5.200831130064639041e+01
4.929110207429655333e+01
4.908779098141488362e+01
4.841431355353341104e+01
4.842983693163075287e+01
5.186762182501635010e+01
4.858319563779781447e+01
4.811920715734621012e+01
4.951808182307412665e+01
5.286148330018791341e+01
4.922689076923286677e+01
4.967323889773536649e+01
5.073353680664843779e+01
5.188259634287413036e+01
5.003792139023065744e+01
4.886427825773264289e+01
5.137614576360920182e+01
5.087700916785520633e+01
4.973004843795764174e+01
4.782263260385818882e+01
5.284373422394395448e+01
4.823368245617259475e+01
5.165983129022785647e+01
5.077207501054876815e+01
4.862731778606384125e+01
4.913311531129161835e+01
4.892066124683394435e+01
4.874958691477723960e+01
4.758306812044475009e+01
4.739192944159778875e+01
4.779416772412091774e+01
4.762613430785142299e+01
4.804310629293969015e+01
4.525946505419192079e+01
4.647735402046308195e+01
4.638109174666227119e+01
4.870545181307153371e+01
4.757612939751135883e+01
4.909691759909960496e+01
4.894707722777751968e+01
4.912714939692047977e+01
4.949280394725909105e+01
4.701755968011471509e+01
4.917769281917220070e+01
4.727807928195491627e+01
5.013300759154601138e+01
4.777492995771581263e+01
4.736179841603800611e+01
4.508838773366298369e+01
4.755465418550139134e+01
4.613568073119836299e+01
4.794922406002309856e+01
4.739442910830114641e+01
4.906285562225239261e+01
4.471875300662956931e+01
4.873813554049899466e+01
4.714692319931977948e+01
4.549648156674615507e+01
4.658308024526920832e+01
4.677603819811456276e+01
4.780530834428844855e+01
4.700073813033769454e+01
4.846292717498224789e+01
4.695314533072966867e+01
4.724960115117492165e+01
4.545804626971308693e+01
4.364557856414549519e+01
4.696120366497006415e+01
4.842114459214040778e+01
4.962801808387277447e+01
5.104482900370655329e+01
4.780997619084511996e+01
4.392066492281922052e+01
4.615229327893104738e+01
4.695628023621971892e+01
4.539731281759500092e+01
4.523117469236921551e+01
4.542027457891925479e+01
4.620641069137237622e+01
4.671103777614013808e+01
4.712063376749221533e+01
4.561559218623651191e+01
4.741793298407350221e+01
4.478640190803415067e+01
4.858265829670880720e+01
4.781700760044382292e+01
4.952434076981303690e+01
4.974012769067671513e+01
4.926752342570779319e+01
4.840144159118312217e+01
4.927027986382751834e+01
4.502972214361894743e+01
4.525215868472047021e+01
4.918808273913493423e+01
4.781827521957848148e+01
4.890824518573364799e+01
4.832763333530113670e+01
4.538503918548867944e+01
4.960769295718912275e+01
4.929291133808451519e+01
4.982576060752730740e+01
5.055312405122783304e+01
4.387878799284083442e+01
4.797027110520016180e+01
4.756236135686160793e+01
5.038598545912707038e+01
4.741377776616503326e+01
4.526655005147082278e+01
4.780127843067413096e+01
4.945542689053350216e+01
4.844636995244208322e+01
4.832887358288485302e+01
5.052056470245167219e+01
5.010103161747186107e+01
4.852022152696645207e+01
4.611725969370249345e+01
4.763238909900026385e+01
4.829235244419020034e+01
4.900750769277035346e+01
5.043651987969513328e+01
4.854548764139190098e+01
4.900408201834404309e+01
5.009067138207959147e+01
4.976938758778156568e+01
4.909861054408388270e+01
4.861478629458864020e+01
4.943714224311922578e+01
4.841708652638677535e+01
4.524370547680869237e+01
4.821004179103260157e+01
4.576503070271825635e+01
4.669275699154639625e+01
4.848786422751796721e+01
4.513542618120902006e+01
4.945806702534613919e+01
4.856476748619150641e+01
4.664403987192083179e+01
4.910830849944740351e+01
4.749168544650722623e+01
4.888328535092828986e+01
4.404993025242862359e+01
4.750659880146343994e+01
4.800061080682947079e+01
4.697253974658985243e+01
4.871357959856315745e+01
4.688521484913565729e+01
5.004233823950767146e+01
4.829626860819608680e+01
4.613327736890028774e+01
4.969825736173167741e+01
4.829767849113994060e+01
4.653993854345691261e+01
4.880584661202683350e+01
4.682151647670921335e+01
5.069250286378679249e+01
4.775390450000561060e+01
4.700306520006552802e+01
4.911948628627737889e+01
4.817760038518309784e+01
4.888129789828496286e+01
4.824067795289401062e+01
5.184001404765629673e+01
4.968868540212324092e+01
4.511719537671550739e+01
4.976475645992202601e+01
4.983107038273012535e+01
4.784333048992747450e+01
4.978632995747793188e+01
5.060171368858993191e+01
5.001509371640953105e+01
5.054312836734026604e+01
4.898289756813362317e+01
4.687209711291410486e+01
4.802288275507736870e+01
4.849957473470888658e+01
4.572584353209374086e+01
4.537748263202291810e+01
4.941434282439665537e+01
4.823998412522216483e+01
4.753535645550648780e+01
4.801304198843961757e+01
4.967902536657684465e+01
5.014973436357597336e+01
4.392942268948687001e+01
4.804698290499544555e+01
4.820519318459950142e+01
4.644823281015393235e+01
4.634705832475376042e+01
4.875943307942013405e+01
5.174777463998781712e+01
5.088362931603773376e+01
4.962766006250058837e+01
4.858402254954203414e+01
4.818766414902415818e+01
4.673757687753228396e+01
4.787886562340662522e+01
4.815654340921744136e+01
4.927271873503043764e+01
4.917961485073001171e+01
4.880109285910986472e+01
4.763383672860102536e+01
4.840505095293724480e+01
4.654005248744138612e+01
4.646725493217558522e+01
4.675894096182830140e+01
4.691854100708521713e+01
4.927492420260021078e+01
4.631963172276356744e+01
4.892410924903475689e+01
4.731501752186969156e+01
4.598916921891441234e+01
4.978988818856736742e+01
4.856124957857817037e+01
4.764976845129039873e+01
4.680025684205685366e+01
4.743085386880258625e+01
4.604142555346006560e+01
4.669784394152410556e+01
4.847132865101508514e+01
4.765217422097781252e+01
4.608144265037598331e+01
4.886568391441896608e+01
4.689970384153217964e+01
4.882488898927900323e+01
4.883578044783633487e+01
4.730004596980549536e+01
4.748998829535253208e+01
5.113092501475785667e+01
4.721677182246491355e+01
5.029168674819501916e+01
5.096974094242581543e+01
5.042197612935416373e+01
4.923707754606155618e+01
4.979872982423411543e+01
4.881167979549009317e+01
4.799162632818027419e+01
4.957919242707151852e+01
4.936525365512317620e+01
4.959596079303686622e+01
4.812106694768311144e+01
5.084760408923247610e+01
4.808374210914638525e+01
4.827794455266836593e+01
5.129676294304008621e+01
5.228671176547011612e+01
4.973164479390869275e+01
5.025057286411188784e+01
5.069046373781666404e+01
5.063371172815786281e+01
4.955741134057117847e+01
4.834633345194279741e+01
4.917674778413588399e+01
5.021657530631100030e+01
4.714689638525184989e+01
5.047384088729429408e+01
5.134835790398731348e+01
4.912679235271271239e+01
4.875823987971259754e+01
4.879152085922540039e+01
4.926269306405386317e+01
4.803138783667132117e+01
4.682637628983558642e+01
5.071489095988398077e+01
4.872537821466426777e+01
4.806586438409997442e+01
4.687796395579787401e+01
4.488392200936846876e+01
4.613297252834788509e+01
4.913747120158986803e+01
4.847531372621270407e+01
4.548404959527602642e+01
4.585488486462448066e+01
4.693016954491395865e+01
4.932335378728021169e+01
4.899663758332933838e+01
5.057629207917104708e+01
4.942761368206697625e+01
4.967179555153160209e+01
4.747181137481575064e+01
4.754079557418486957e+01
4.596955277242748394e+01
4.580046120105866692e+01
4.756423476466287070e+01
4.627123181359855408e+01
4.860253259001694204e+01
4.437821883244863130e+01
4.796416431628398414e+01
4.733758963152254040e+01
4.907635641152528194e+01
4.646237983785577086e+01
4.584484459714017390e+01
4.689169599626717400e+01
4.508661206247759878e+01
4.755306438414338999e+01
4.740678551591489764e+01
4.916128509028121130e+01
4.734894869471061440e+01
4.842537058495502578e+01
4.746308197362200332e+01
4.809892117572967152e+01
4.652172361970123404e+01
4.521355207373362362e+01
4.189137537212097584e+01
4.610206846062212094e+01
4.709528049080993384e+01
4.502206192394415041e+01
4.591306229570928110e+01
4.564579265895186211e+01
5.022274243379631287e+01
4.612852111845515424e+01
4.960218752329711833e+01
4.346622042518577445e+01
4.533384082336305454e+01
4.538548793125730896e+01
4.876454037068217673e+01
4.318706091517346124e+01
4.758775447381273693e+01
4.513457387682252175e+01
4.593169681991449238e+01
4.526269626302243410e+01
4.683871558316027972e+01
4.860318263782321679e+01
4.707773373573654396e+01
4.594687464781021902e+01
4.498714180720259037e+01
4.875390079335780769e+01
4.113943417694035531e+01
4.844415111963549947e+01
4.779111083020443118e+01
4.609153975140357318e+01
4.827664298358477879e+01
4.563881700574455635e+01
4.412020243610145087e+01
4.274267852781870403e+01
4.605913667929585387e+01
4.728658267323223896e+01
4.300275113656552861e+01
4.471835534458397632e+01
4.358038151973515539e+01
4.721069512298810622e+01
4.826663301837191966e+01
4.825486352231362730e+01
4.436969443840336425e+01
4.535609111520940218e+01
4.597978859728832646e+01
4.929725591109606597e+01
4.691041171551865574e+01
4.694702807905471076e+01
4.426076804909990869e+01
4.633964307470988331e+01
4.722422706635275347e+01
4.973622244763319600e+01
4.817993557868613408e+01
4.658763894704152619e+01
4.710584379882700290e+01
4.730064927524689722e+01
4.645599448664686548e+01
4.568400710471732395e+01
4.890838723743536320e+01
4.877960187414662840e+01
4.601199875966946706e+01
4.796616476509367999e+01
4.300857356736625547e+01
4.871499560731545131e+01
4.974426441331351612e+01
4.620384800353107835e+01
4.785911687423566008e+01
4.621100563477656920e+01
4.792755982899068812e+01
4.633446172520292095e+01
4.792076377626160166e+01
4.611354900730641049e+01
4.562339503915784178e+01
4.542296552156716416e+01
4.863603045521547585e+01
5.107348678081878290e+01
4.959411204511750526e+01
4.584163579378616049e+01
4.689262764386038640e+01
4.953642322152197153e+01
4.700151520248736148e+01
4.890709796018441580e+01
4.738408141770599258e+01
4.896904714658233360e+01
4.668054809123796645e+01
4.562977003860695646e+01
4.476693377831858101e+01
4.365936848972627615e+01
4.356967524101020217e+01
4.325982594505480705e+01
4.825172170107213532e+01
4.577050693538502202e+01
4.846448532406670751e+01
4.425443930506353496e+01
4.404672462440205294e+01
4.408609708230173396e+01
4.655649283415349515e+01
4.840986984231228973e+01
4.684599181214736063e+01
4.660525026463581355e+01
4.778527783139995933e+01
4.651237196766068394e+01
4.699694167887278695e+01
4.536767286031476232e+01
4.725611278966835727e+01
4.818624323315776792e+01
4.845556047869132499e+01
4.184042059916594525e+01
4.935132128706183607e+01
4.579664502351917577e+01
4.917373691773983069e+01
4.912700299350119337e+01
4.733538750928958194e+01
4.459410360831803644e+01
4.672321945709394697e+01
4.890130375720831779e+01
4.800992028307182125e+01
4.763037395683350184e+01
4.798033862406567351e+01
4.929577733264996198e+01
4.705231733424813001e+01
4.755237725549191907e+01
4.887554902004136892e+01
4.954999436198522744e+01
4.622769598633178134e+01
4.956132912694615555e+01
4.769838561423765810e+01
4.774262565959337934e+01
4.752946721719488465e+01
4.621328523554952739e+01
4.923603542326198124e+01
4.816470641175473588e+01
4.685457097935967141e+01
5.016869877869782357e+01
4.982651887069074093e+01
4.737969233865056395e+01
4.625414715018953871e+01
4.829927141116699119e+01
4.924021223587600815e+01
4.947331863979495381e+01
4.675702873647076530e+01
4.290440287711852108e+01
4.504073834338793603e+01
4.564832554527320241e+01
4.643716277768199063e+01
4.788167802750847102e+01
4.676422696408446456e+01
4.298152834040318027e+01
4.475013180468936014e+01
4.552931033711475095e+01
4.750053961148238812e+01
4.683901750875693892e+01
4.594829793684294827e+01
4.475611598215304099e+01
4.640855310489996555e+01
4.715031619583074729e+01
4.946764505151235625e+01
4.493169767885436272e+01
4.526400561450718385e+01
4.519184401927081041e+01
4.322449662434321738e+01
4.288886668947531433e+01
4.849062153789629548e+01
4.679725787113797963e+01
4.543957021089198633e+01
4.901123451533519670e+01
4.702197283337741851e+01
4.743872671129678764e+01
4.611973358346185847e+01
4.753655824547013964e+01
4.682340518973696675e+01
4.871107186844155734e+01
4.452451604113756645e+01
4.935014291131260222e+01
4.781374823382036254e+01
4.885301673853732041e+01
4.763570612728994291e+01
4.590806326731566855e+01
4.764002206977868781e+01
4.743070744041216358e+01
4.696486642799663969e+01
4.303061197748397859e+01
5.011089141924475143e+01
4.818288705620580714e+01
4.958963978818037788e+01
4.730224178548689196e+01
5.013532848258769548e+01
4.826698179022967139e+01
4.833838179303950966e+01
4.840758394614093163e+01
4.847463852212322166e+01
4.804465701950870482e+01
4.830428189768113612e+01
5.079761841187331584e+01
4.761415723610039663e+01
4.644496940429216636e+01
4.835241052710689758e+01
4.385699365328758859e+01
4.566477157137024534e+01
4.725041537083480137e+01
4.854356658432458715e+01
4.917512424860549203e+01
4.962372485117030863e+01
4.831842413744067244e+01
4.942840160080267964e+01
4.740760199205945469e+01
5.086597901361080432e+01
4.663392939473828136e+01
4.626369694171529545e+01
4.761029846109165220e+01
4.542249387956280060e+01
4.828676991800296747e+01
4.905258575235876606e+01
4.751675369969832019e+01
4.778597871931764729e+01
4.786946778267638081e+01
4.855795710882381400e+01
4.940615965728931513e+01
4.514765655767327246e+01
4.738799264530545940e+01
4.721491654063589749e+01
4.693148775696109709e+01
4.804104849505306163e+01
4.954087919556897646e+01
4.984112196150474716e+01
5.032490592836055043e+01
4.649033625944178283e+01
4.852919722159890625e+01
5.062109230639288171e+01
4.892187060912860375e+01
4.737639282665892893e+01
4.802822119635950315e+01
5.009774624276055022e+01
4.824056912274295428e+01
4.618055728908403523e+01
4.398526219577324525e+01
4.933825910700660700e+01
4.996602579894926066e+01
4.922520809924303364e+01
4.982052115680285453e+01
4.838110728787160042e+01
4.794128634323097060e+01
4.871387865961655450e+01
4.700949148089749485e+01
4.847914424747263240e+01
4.800246764822881573e+01
4.846638224649334603e+01
4.729343400512036055e+01
4.835781578367148370e+01
4.981370761332028252e+01
4.885527380448009183e+01
5.091781784089478435e+01
4.770007643072992920e+01
4.635252448819355209e+01
4.977888605732392335e+01
4.577030207320161992e+01
4.652788809453427632e+01
4.649315702068838618e+01
4.553321422697789700e+01
4.492609657322372385e+01
4.640682603695135811e+01
4.551090961867951279e+01
4.568482491750643248e+01
4.586841502371689927e+01
4.960310825834153547e+01
4.687782471553404662e+01
4.896733414683757246e+01
4.646879716541437233e+01
4.523954451543759347e+01
4.821661071027268264e+01
4.994006437620188166e+01
4.631716191005715899e+01
4.574590103128819152e+01
4.807078911400148513e+01
4.863584108592956312e+01
4.810328861296501657e+01
4.720890950199807179e+01
4.765238305345491199e+01
4.639319250712313902e+01
5.057146037762942825e+01
4.798082809063404852e+01
4.971890660110303628e+01
4.947640387445147780e+01
4.753483341810689211e+01
4.833625192473703436e+01
4.826586379321771147e+01
4.739508446073290315e+01
4.999455423060804549e+01
4.995733858437801445e+01
4.755229346172936999e+01
4.974971171912618217e+01
4.695481876530769938e+01
5.010588373835357601e+01
5.033768187349400591e+01
5.004791374522316971e+01
5.102797447465946590e+01
4.718130330082155410e+01
5.261103330976077785e+01
4.826551246243266036e+01
4.736246730166869412e+01
4.946809119017852652e+01
4.957967299940251138e+01
4.828604485395272405e+01
4.917716630215874574e+01
5.090374761836431361e+01
4.841759409958599747e+01
5.000342859382615046e+01
4.901389704774616973e+01
4.839427572231784325e+01
4.724094664049115977e+01
4.939805433119516209e+01
4.808968669337909319e+01
4.797450011503165967e+01
5.004958401563688142e+01
5.124139744992650947e+01
4.806346474217216524e+01
4.991215502066900456e+01
4.893574845885071056e+01
4.725352969394829472e+01
4.794127904648203753e+01
4.771731253062879574e+01
4.894793838951902387e+01
4.871078113679624266e+01
4.941076459101541474e+01
4.488247520913780164e+01
4.873385493378508926e+01
4.792276931553435304e+01
4.555898951359514371e+01
4.857668797367384173e+01
4.781724944255928733e+01
4.636366001823766680e+01
4.795321179361801711e+01
4.872327175375490782e+01
4.905048556847723518e+01
4.887564607583516363e+01
4.780110452790538744e+01
4.545629405014428670e+01
5.027726849195778414e+01
4.402858499671246761e+01
4.694824141944147300e+01
4.788095074684218844e+01
4.477842169028485131e+01
5.010404537427397997e+01
4.575025834797598634e+01
4.719018643241306421e+01
4.603275166219851400e+01
4.715176177358173248e+01
4.818847774153695696e+01
4.978944975193771683e+01
4.653473426379530764e+01
4.708122483723078489e+01
4.729956230663967887e+01
4.665198970485737817e+01
4.971305250528462949e+01
5.210827854455925490e+01
4.677569942800168690e+01
4.776594198446127848e+01
4.560301310438456568e+01
4.960434157624912643e+01
4.704068872534140411e+01
4.908997323548036462e+01
4.732375819643161208e+01
4.601202164125270144e+01
4.761119735350995086e+01
4.900421183016199222e+01
4.880820978258707044e+01
4.963232038249523015e+01
4.675262814285249391e+01
4.738160982159273971e+01
4.971580052522259052e+01
4.651366210497050702e+01
4.809396742747343723e+01
4.745272279909529090e+01
4.784853932631409634e+01
4.723734942512858481e+01
4.995303571810619303e+01
4.874932276587897917e+01
4.813561667440872327e+01
4.798745743235942740e+01
4.725657401234025201e+01
4.713574760001890240e+01
4.703329497164084216e+01
5.055242545078002081e+01
4.785086810010871261e+01
4.618175281533478227e+01
4.713916088309016317e+01
4.614248250301911725e+01
4.583525714822270913e+01
4.414882721046388525e+01
4.671589811462924757e+01
4.584670299147222750e+01
4.603933391120965979e+01
4.775496555527549702e+01
4.505643273537200599e+01
4.622968932570270084e+01
4.330711845951886119e+01
4.664586410007331096e+01
4.694691990459592290e+01
4.660306246722462475e+01
4.944385916379304291e+01
4.993676718331303732e+01
4.481315444837423456e+01
4.708406586141642691e+01
4.747635255458898484e+01
4.602584075648275075e+01
4.418267401583138820e+01
4.228572681199698025e+01
4.292570524803996079e+01
4.732346704060773845e+01
4.727336481054521755e+01
4.767746988622250370e+01
4.576919368320918124e+01
4.943276475424256233e+01
4.828116061312847762e+01
4.807034977547238697e+01
4.878059454141659756e+01
5.014506506980924883e+01
4.889694517909230598e+01
5.023051704174138621e+01
4.997010073946975695e+01
4.987782763949046938e+01
4.697519818854613760e+01
4.819639809695949850e+01
4.887570447536839424e+01
4.642169086026078162e+01
4.684512339701664274e+01
4.890139669323848182e+01
4.797936349258654332e+01
4.522258665336399730e+01
4.732870922511916234e+01
4.843317430511673649e+01
4.822574474809686507e+01
5.024725590061608926e+01
4.839930146421007606e+01
4.758430190602321375e+01
4.754586194916864628e+01
4.776680160007731502e+01
4.864218212108858097e+01
5.021062881319733862e+01
4.920008854291142342e+01
5.126610412505026915e+01
5.242253442093691973e+01
5.008349787830683653e+01
4.750863844375110290e+01
4.830599577905719144e+01
5.082745663230198119e+01
4.865278629819003697e+01
4.996820956001719338e+01
4.916726328493150788e+01
4.852117386397298304e+01
5.145014006716650101e+01
4.889373817403113520e+01
4.925117931846238406e+01
5.095573174090991131e+01
4.934001065599890268e+01
5.005275645343658653e+01
4.852208094001734651e+01
5.126834896185298618e+01
4.884868199494287211e+01
4.762187417897823849e+01
4.994129369255041695e+01
4.865111015140765716e+01
4.633971579567661792e+01
4.731770823879303833e+01
4.597109737862546552e+01
4.931809380909552942e+01
4.764754671300875799e+01
4.742467574580690126e+01
4.692628633579250419e+01
4.820338380998728667e+01
4.855661223544858274e+01
4.837831431384569214e+01
4.852166183271379651e+01
4.810466893763382501e+01
4.831740981863061535e+01
4.924112991289699437e+01
5.006272411883266926e+01
5.027601663965021572e+01
5.065981066793496979e+01
4.779704107773572730e+01
4.901883589245912987e+01
5.062089407485857606e+01
5.075217044474828043e+01
4.869046910391538319e+01
4.863302896099617101e+01
5.162965722956309378e+01
4.772488785010362022e+01
4.710513247929791447e+01
5.098046304796184813e+01
5.119672635951883422e+01
4.786638820370691860e+01
4.999149427633540910e+01
5.100190757816108089e+01
4.939465735547744885e+01
4.847314988910908795e+01
5.077200528810895719e+01
5.010506647057184892e+01
4.895268237776088682e+01
4.780723509785817527e+01
5.231382672450019555e+01
4.905463400581135147e+01
4.970415858011185861e+01
5.147333459832358216e+01
4.933310736772224203e+01
4.994827865676624157e+01
4.776360268503221818e+01
5.074327950903074225e+01
4.528825560831579367e+01
5.063152852647970548e+01
5.081829995989343018e+01
4.842811451877538076e+01
4.985990847633999579e+01
4.986013451841144217e+01
5.235467541277228776e+01
4.985782948843020534e+01
5.126504188892677405e+01
5.013037900854892825e+01
4.835970355918916397e+01
4.686288288243755318e+01
4.903851255934691977e+01
4.826888675714752708e+01
5.166163919812872507e+01
4.827906298475321023e+01
5.046122046106347625e+01
5.010306231513423825e+01
5.003954866011657998e+01
4.684572305833301442e+01
4.923360462661104719e+01
4.788016536285094560e+01
4.870061521490157475e+01
4.854150443229060130e+01
4.683337185857467233e+01
4.907767358847254258e+01
4.983008608121573957e+01
5.086027206594221184e+01
4.840504074688511338e+01
4.838069845230267418e+01
4.873717693222138081e+01
4.991498046340015549e+01
4.742349924926656257e+01
4.761030728962894187e+01
4.998704999377844871e+01
4.973848542885869506e+01
5.031106744788358043e+01
5.218825736446780894e+01
5.232193893571292165e+01
4.991289673596361354e+01
5.334338065172746468e+01
4.829937801557337451e+01
4.853875656490684065e+01
4.809323158344152915e+01
4.760291632929348538e+01
4.908851578011089600e+01
5.181423460496807820e+01
5.249225182747844798e+01
5.139909641941753193e+01
5.126741302139176781e+01
4.752613753852648415e+01
4.922871146208936466e+01
4.919325687446779938e+01
5.117117029991683808e+01
5.001132169957368490e+01
4.845001707589539564e+01
5.186745401863760918e+01
5.012319556143910404e+01
4.999957349164950671e+01
5.370277790474089841e+01
5.139543565059477004e+01
5.189455185209028087e+01
4.947927509265267076e+01
4.871298301237126083e+01
4.896482444053945926e+01
5.052985159061420006e+01
5.074682962097726602e+01
5.173623403584816316e+01
5.139037888697522050e+01
5.112821994278329640e+01
4.934590908239290030e+01
5.059825419346690012e+01
5.094199840344120389e+01
5.045207292092592866e+01
5.026549013202675553e+01
5.142830244128845862e+01
4.941481828612392491e+01
4.679006702261690265e+01
4.834371670499843532e+01
5.020766329343368284e+01
4.910747022592774869e+01
4.777528190770566852e+01
4.878757331874476222e+01
5.013171148317042736e+01
5.217443759727841268e+01
4.886096073149232666e+01
5.079926177252080066e+01
4.855137485355235327e+01
4.872740363492231097e+01
5.193974771324762685e+01
5.198314238588042002e+01
4.961712607273983622e+01
5.190460126352318326e+01
4.953712091090708469e+01
5.083288154690435334e+01
4.900841232616812704e+01
4.943248846970361399e+01
4.900944119166393875e+01
5.020279824301002236e+01
4.924559658490696279e+01
4.929144464826629957e+01
4.878682941219085478e+01
4.759688308850476801e+01
5.059959854712609939e+01
4.941626710091993857e+01
4.898406413541622584e+01
5.008171885863644945e+01
4.780165527498982669e+01
4.360803410169908290e+01
4.606468270381274266e+01
4.786562522592043223e+01
4.678698533473818344e+01
4.635790305150787560e+01
4.610510803759955678e+01
4.910923468872273645e+01
4.762030973372695541e+01
4.785638423301006839e+01
4.593282370560792316e+01
4.535194357770131290e+01
4.481475457667381335e+01
4.371889202617875725e+01
4.327346757700625801e+01
4.492642074160969656e+01
4.349608269611605493e+01
4.409821294945011516e+01
4.144072706807658335e+01
4.498489147326729665e+01
4.211014437097543350e+01
4.365817275567333411e+01
4.219335612101008337e+01
4.740616579593663005e+01
4.404970414470878382e+01
4.549914811788244151e+01
4.214986255236976831e+01
4.250741626935560191e+01
4.395667955108755365e+01
4.561303885192307206e+01
4.593122075341076282e+01
4.400555624713179981e+01
4.276161345574324457e+01
4.176271661869912322e+01
3.801327982033341613e+01
4.358716614629680208e+01
4.551608952763252347e+01
4.313448273958214685e+01
4.657669025127819395e+01
4.455116691897544712e+01
4.430067768523907290e+01
4.507576657069683534e+01
4.976868391171056061e+01
4.795506732833557351e+01
4.600183835221722006e+01
4.855757773186909532e+01
4.642376171584012212e+01
4.750472353035106465e+01
4.451794891719798386e+01
4.609883738930469832e+01
4.716817103590934579e+01
4.472924150721681258e+01
4.838381083013783268e+01
4.858805639637036933e+01
4.827979101562819864e+01
3.963707871805732452e+01
4.435114432964641651e+01
4.613820220563038532e+01
4.415306935125681065e+01
4.361558996448984260e+01
4.294905226570280377e+01
4.683718649963809355e+01
4.425132957922607346e+01
4.473428403907039552e+01
4.470911603542690216e+01
4.638821821121655375e+01
4.442016707744733139e+01
4.619469093235560564e+01
4.211211313956485469e+01
4.443506367413529290e+01
4.476431136535660471e+01
4.516716054114856860e+01
4.594206640341545267e+01
4.530456804002541560e+01
4.684997707828340197e+01
4.437247899501587511e+01
4.597226968446862116e+01
4.423495290654178547e+01
4.564270610050315469e+01
4.353037744051288627e+01
4.260080908169718583e+01
4.754825682422035982e+01
4.732150297615014978e+01
4.550888240057314960e+01
4.569428163535923915e+01
4.264810817782861818e+01
4.799224355866133607e+01
4.436916546957763785e+01
4.738412175686890038e+01
4.721716105830157773e+01
4.438496610547447574e+01
4.564292756265388817e+01
4.792713678276318490e+01
4.720888234922790616e+01
4.735652510967452145e+01
4.804982210983728663e+01
4.793709345041487779e+01
4.735858131730044107e+01
5.086174986312855140e+01
4.623283545378760806e+01
5.076722879932334109e+01
4.925534346014639908e+01
4.911092883570790946e+01
4.994658502408561418e+01
4.690263699483587345e+01
4.733091741715706036e+01
4.502314772309701851e+01
4.864356084809447367e+01
4.778874464000894307e+01
4.580998745409192452e+01
4.789885530082470666e+01
4.824812038727721131e+01
4.623235700329782105e+01
4.677904288460374005e+01
4.569663327803991137e+01
4.692618356275816893e+01
4.771301331592658812e+01
4.818986393854944339e+01
5.106234997529999475e+01
4.896571389142987840e+01
4.893652655355899128e+01
4.739665293997607165e+01
4.960564654567611598e+01
4.859718752364035765e+01
4.852903137668853617e+01
4.856936481966749852e+01
4.823472760546214744e+01
5.176189155907391637e+01
4.659975629982600509e+01
5.003516172727690758e+01
4.721740446253134849e+01
4.813173463638676708e+01
4.769403211323662362e+01
4.743250992264938048e+01
5.157064690793340844e+01
4.639952202325991237e+01
4.725438917892691393e+01
5.012116944552914788e+01
4.948391212401276817e+01
4.839328592977024357e+01
4.655092153699190050e+01
4.995104169907319402e+01
4.797130616526062852e+01
5.071827033178539068e+01
4.891008796834267969e+01
4.614377295593053674e+01
4.871884625593914109e+01
4.858491500767431148e+01
4.795529344270798333e+01
4.541838190796641328e+01
4.590825750858077470e+01
4.721572576902772767e+01
4.759891133410408059e+01
5.000018706976302951e+01
4.941078203678880243e+01
4.495178774419258616e+01
4.915161663811477410e+01
4.789668563900539766e+01
4.693352707137010071e+01
4.899184557930126260e+01
4.825245291990398044e+01
4.689046033474761543e+01
4.986184114733847395e+01
4.501494464860532219e+01
4.808217010041416017e+01
4.821265724480802106e+01
4.728150618305058828e+01
4.722976910092268810e+01
4.904842251706097045e+01
4.715452252675550682e+01
5.368479910121044441e+01
4.665004863193762219e+01
4.916204777422521488e+01
4.873254900834126602e+01
4.791995047918011608e+01
4.785799120887734404e+01
4.755433050342879397e+01
4.502886315969850983e+01
4.979473378612006229e+01
4.686356718538384314e+01
4.746180088421287735e+01
4.682230613842632749e+01
4.893092973768387566e+01
4.805591784310153258e+01
4.606564952537138424e+01
4.539879492726622345e+01
4.645049241712301580e+01
4.402324683451723786e+01
4.383728770455478951e+01
4.838405165177622536e+01
4.669146399247944146e+01
4.690827762336174800e+01
4.668291218002871545e+01
4.671346769966616108e+01
4.875123022283193563e+01
4.780319720318776433e+01
4.586862087460976767e+01
4.963245032965785697e+01
4.661684511349980653e+01
4.853352524709771387e+01
4.572406268111157601e+01
4.688536473329025256e+01
4.533093331656419878e+01
4.894402633756030241e+01
4.769028794897482015e+01
4.632141524679993694e+01
4.974720408133167382e+01
4.792374228326398367e+01
4.982090350703636261e+01
4.981183634000230143e+01
4.761430248339222260e+01
4.647576815116487836e+01
4.800595484504124499e+01
4.710265824047224470e+01
4.807546849529737898e+01
4.557636307949651666e+01
4.098175187358545202e+01
4.859455367923756341e+01
5.039725302198677070e+01
4.839295249578398739e+01
4.726486362088218840e+01
4.657062369034360927e+01
4.694832303911771021e+01
