5.567559544694835605e-01
5.358808222493164353e-01
4.806861366143603265e-01
5.078779730814670934e-01
4.679579762361426032e-01
4.616878884891456036e-01
4.207408629367860309e-01
4.450528736942962471e-01
5.202296325111679387e-01
5.033023710046063970e-01
5.163463383784313576e-01
5.760724053808192746e-01
6.177628600214544186e-01
7.134238107382657734e-01
7.116535287236068763e-01
8.056418225959744994e-01
7.311192594509080545e-01
7.899373106876323991e-01
7.217776105390514285e-01
7.222523535502070047e-01
6.761042176139305804e-01
6.883195433158364462e-01
6.801994371996400446e-01
6.103516136870889008e-01
6.056084671846022616e-01
6.278043671206218201e-01
5.382011010728023903e-01
5.507171232210503753e-01
5.798517055817549171e-01
5.333745050865288384e-01
5.366912338823418560e-01
5.903696409607680495e-01
5.758374435378217360e-01
5.529681567663239372e-01
5.477852592681942134e-01
5.997466410294187700e-01
5.683782109399729832e-01
4.755804267569486155e-01
4.760126689134809852e-01
4.463876477436013457e-01
4.613906996018595219e-01
5.375124494871283964e-01
4.439240765224793384e-01
4.213139902460510400e-01
4.291396908060118864e-01
3.635864850749693233e-01
4.035244685799032061e-01
3.567402031244195637e-01
3.588766342146982868e-01
3.367175610815856812e-01
3.931619280347017908e-01
4.027373703957225493e-01
3.454137374376237135e-01
3.663916173930171216e-01
3.627879977659514421e-01
4.526866694274123137e-01
3.600990844698609417e-01
3.553764513525448643e-01
3.866987466267209350e-01
4.155980717769722221e-01
4.294099916594206201e-01
4.007340255596709144e-01
3.553078645471518526e-01
4.059405488994795030e-01
3.880230467107143033e-01
4.008881204615842853e-01
3.619468822590350410e-01
3.612897366260439669e-01
4.231277917473875716e-01
3.690058631201747485e-01
3.589635727443641899e-01
3.314090444315306305e-01
3.799614480430599794e-01
3.488935784920412231e-01
3.939265705366905568e-01
3.310833481429056313e-01
3.629930197500003675e-01
3.831173185258191505e-01
3.460100203428431165e-01
3.366109631525326940e-01
3.940363418477118018e-01
3.576579062186947544e-01
3.647391950134071803e-01
4.385620172758527002e-01
3.756462335593722668e-01
3.679978140674042830e-01
3.977452056998049823e-01
3.824198333389994264e-01
3.580807421890333520e-01
3.233371384187932462e-01
3.134194428647295028e-01
3.914678641916868873e-01
3.686128016047791056e-01
3.428761520943646723e-01
3.473905119131581176e-01
3.867669604684562112e-01
3.001590454505431160e-01
3.403874802000716460e-01
3.457548500939369718e-01
3.369562704643107587e-01
3.399598604816320147e-01
3.585429048285073694e-01
3.831426373719057921e-01
4.055726041211896171e-01
3.409119333369979299e-01
3.014573044711916783e-01
3.167449121184623961e-01
3.377361862687257577e-01
2.969707913146486522e-01
2.947558134861344437e-01
3.312902999758615685e-01
3.476051313828443790e-01
3.539000336008099601e-01
3.535342678850870723e-01
3.567090727412656204e-01
3.384940605653045664e-01
3.446309771465388416e-01
3.205848675842854489e-01
3.657082317721815357e-01
3.307610745530912832e-01
3.426743886700002184e-01
3.901224043288168408e-01
3.603019375066338625e-01
3.556590386582423324e-01
3.357924835702681410e-01
3.196388092480702547e-01
3.292872019984710019e-01
3.305872742744784265e-01
3.926820498552450744e-01
3.657382102379364008e-01
3.613371024338015713e-01
3.557233978565156329e-01
3.786431063499899330e-01
3.714404770091599972e-01
3.624806847760689288e-01
3.297141244697959772e-01
3.703628577439544989e-01
3.796973079653800376e-01
3.308216153818662741e-01
3.470176258931016999e-01
3.518900006847637263e-01
4.226997632201175970e-01
3.701305996216184280e-01
3.745380127616927957e-01
3.975241409674498683e-01
3.616021588138478848e-01
3.839123065144792180e-01
4.147235676849848063e-01
3.966888326542639676e-01
3.589294551541741818e-01
3.432775649175578425e-01
3.966851762845416962e-01
3.903375919857060561e-01
3.920651515814359556e-01
3.502555042685553399e-01
3.607914924583561778e-01
3.736663230774952549e-01
3.926709093410257756e-01
3.981727251616002938e-01
3.855662861455341761e-01
3.857292380252445030e-01
3.546101927773198659e-01
3.791616845214837439e-01
4.126609958653763566e-01
3.809309876352015567e-01
3.958753901604005199e-01
3.694344417904474875e-01
3.560839350658580593e-01
3.867167233353170364e-01
3.922997611957834696e-01
3.549829080042350427e-01
3.507637386823796444e-01
3.835792887600217860e-01
3.734922590828195776e-01
3.822954885074170694e-01
3.382786595642502947e-01
3.677592828141935666e-01
3.618623390879177060e-01
3.772849012078683950e-01
3.688790759862711766e-01
4.049359733934200234e-01
3.775238852458844274e-01
3.989613524493726970e-01
3.760625854286591685e-01
3.581607612481538805e-01
4.152212633133537945e-01
3.457609295860756271e-01
4.014371990452035299e-01
3.900082739331977577e-01
3.308474844130543380e-01
4.094515434888268968e-01
4.094258769406469711e-01
3.637928346095231080e-01
3.955378610326045208e-01
3.573913303660452567e-01
3.847638746060195736e-01
4.004145461539854178e-01
3.652479950643036100e-01
3.405549585698364190e-01
3.894929991896799448e-01
3.824306274558049723e-01
3.827680776286353503e-01
3.668070190798030095e-01
3.630954934131733758e-01
3.243916111352026510e-01
3.925034772291361440e-01
3.736787687438794525e-01
3.593252536502022365e-01
3.538906857786022209e-01
3.810534844616272343e-01
3.408141462694845303e-01
3.591512195986484302e-01
3.314389536105534773e-01
3.779322687234822342e-01
3.595035893349213807e-01
3.427359478529454218e-01
3.378136196921179835e-01
3.459627279363894359e-01
3.305603392222169479e-01
3.821327450064710418e-01
3.837983889246748825e-01
3.770976157995413192e-01
3.519462459060901938e-01
3.378683878232112137e-01
3.672936912499316087e-01
3.533021749833922254e-01
3.640791889925146796e-01
3.465176961336091654e-01
3.621980578379740967e-01
3.347930195829442734e-01
3.500094070899916199e-01
3.381369129472461266e-01
3.749306650900288695e-01
3.443142503866279958e-01
3.512719363559949626e-01
3.392311518763604372e-01
3.899023308080755146e-01
3.696582699251885762e-01
2.977880133847690125e-01
3.496619697006058125e-01
3.541083809471878285e-01
3.444770653900459112e-01
3.568494139170184098e-01
3.782037433764153800e-01
3.749194586535029017e-01
3.535025504963713594e-01
3.166301521805584551e-01
3.487648075912171963e-01
3.726035579650283092e-01
3.909934908825187239e-01
3.620085919031512112e-01
3.638451061976842871e-01
3.738729582946773156e-01
3.639233078132288468e-01
3.595175276856190094e-01
3.898399452257529374e-01
3.800011160102341190e-01
3.461560307142474979e-01
3.564996745317779991e-01
3.787129990125660539e-01
3.516578489642031013e-01
3.917395665474154298e-01
3.830794243771568075e-01
3.641254047889265211e-01
4.221475296461431048e-01
4.005266503526622168e-01
4.396473135591134618e-01
4.687171907252975500e-01
4.560958907851487276e-01
4.189858305399091765e-01
4.245668222078634035e-01
4.275128307225035118e-01
4.529772496854719277e-01
4.148954894133997096e-01
4.250735710947036172e-01
3.920939224289622382e-01
3.884663446521550711e-01
3.927790765530210781e-01
4.156347939352770804e-01
3.742565071944967681e-01
3.777981640734309199e-01
3.695157466350240671e-01
3.771861140683949731e-01
3.399288909353473387e-01
3.329846608618542980e-01
3.439762218202308541e-01
3.553056104545737059e-01
3.536920642406912174e-01
3.464308402958630739e-01
3.536428647073314724e-01
3.253279960500952694e-01
3.429451113561081121e-01
3.458463368405578220e-01
3.311145561980735064e-01
3.474277230997759869e-01
3.489781980858557842e-01
3.291373377718575521e-01
3.322934328649602698e-01
3.457097081447164100e-01
3.386734163323794067e-01
3.378551441829947821e-01
3.414504475781203752e-01
3.513876472631858316e-01
3.447970089865309284e-01
3.492311165514329629e-01
3.630852955563964590e-01
3.329909263334702163e-01
3.327918775762079839e-01
3.376841226380445926e-01
3.330651590029901632e-01
3.390874773199452630e-01
3.619279672744701859e-01
3.950581039095390490e-01
3.903532180452306544e-01
3.599285859900236972e-01
3.521933896355576299e-01
3.860837226090271801e-01
3.621586949947963596e-01
3.583226919602258698e-01
3.377533027807861354e-01
3.460151317576209418e-01
3.613343837096683608e-01
3.614386554438853150e-01
3.623666086650695894e-01
3.327998032570875786e-01
3.426341242316066626e-01
3.309685258218777459e-01
3.590320340511218844e-01
3.765654794678876538e-01
3.586527051074989703e-01
3.737677808345181152e-01
3.767789980202395639e-01
3.653234905052790693e-01
3.379852640831677579e-01
3.698641400534075641e-01
3.552772611688294058e-01
3.659339194649351978e-01
3.539198538494177648e-01
3.694878442038884159e-01
3.549632908583045809e-01
3.494057255509080973e-01
3.357438232772896880e-01
3.500141405608666600e-01
3.277392803002314170e-01
3.429814683543110920e-01
3.367324083950336000e-01
3.499368815311549863e-01
3.754943565614161649e-01
3.525373663010714642e-01
3.219722946533714047e-01
3.666290024216166676e-01
3.462504286465577508e-01
3.464409462181958221e-01
3.525568669992567572e-01
3.463246977166872242e-01
3.505630649267619803e-01
3.359839372431163707e-01
3.540770776768996098e-01
3.437988366904005666e-01
3.416673866505995361e-01
3.493260651138495598e-01
3.519333982638503389e-01
3.388630631941187965e-01
3.404289315391405002e-01
3.476863755148018043e-01
3.523283487408125358e-01
3.345546791376542983e-01
3.472514931512876157e-01
3.483290045321832951e-01
3.385531794072887402e-01
3.462511448410484638e-01
3.410938846695683591e-01
3.451386608868918238e-01
3.416322324882875017e-01
3.421417083716293273e-01
3.482095310901367480e-01
3.437861265868945027e-01
3.475144117501310359e-01
3.489861448932232157e-01
3.442789082274494428e-01
3.447093323954362742e-01
3.429530612125679112e-01
3.419470328995150576e-01
3.607953970828299828e-01
3.461408353170226104e-01
3.375368361225777325e-01
3.501448064654397174e-01
3.432748165030046761e-01
3.435199972124876600e-01
3.394383123070119357e-01
3.286227903552181306e-01
3.507288360430205754e-01
3.440888446163729020e-01
3.531061216339417275e-01
3.458587909550091544e-01
3.460820724953066474e-01
3.588817113576076578e-01
3.597481972896974245e-01
3.501599753445103769e-01
3.423754012842125660e-01
3.385057552242624612e-01
3.309640565090078979e-01
3.469632740382943559e-01
3.509549854185749496e-01
3.326954708442147468e-01
3.322624978467992873e-01
3.458277320965200130e-01
3.495831734070751207e-01
3.465562118760684984e-01
3.437032956483666024e-01
3.465713889215434884e-01
3.419796578223027184e-01
3.460003914921160884e-01
3.459388920029507486e-01
3.576770528308143571e-01
3.481751156475269005e-01
3.396999561253980504e-01
3.505864708171900768e-01
3.423209357492879024e-01
3.437284758459175915e-01
3.480024816928108944e-01
3.452411549112028855e-01
3.516246154837079918e-01
3.371141932805934993e-01
3.481637205860374507e-01
3.338940875344643122e-01
3.389293723992444773e-01
3.486493211816225068e-01
3.559807438596819806e-01
3.427625284516554460e-01
3.398910854848389840e-01
3.379130902373704282e-01
3.444448742073846215e-01
3.447747793720760123e-01
3.363859224041384488e-01
3.380007620346654473e-01
3.416587657260273247e-01
3.412995048137847931e-01
3.480266187821983714e-01
3.478634933920383698e-01
3.403277318085936587e-01
3.438717692704427731e-01
3.375344843831041275e-01
3.436817403310483132e-01
3.495902127073662879e-01
3.451788737980560073e-01
3.450145640639923350e-01
3.474821308504543738e-01
3.438184382732242250e-01
3.371530399678757672e-01
3.478075019599209949e-01
3.470798053748750944e-01
3.447661934051928778e-01
3.439534249524522358e-01
3.445031431154108037e-01
3.439709890462421260e-01
3.450877998229943677e-01
3.463540976243465463e-01
3.435491539758067647e-01
3.494827058265766451e-01
3.487068160731534583e-01
3.454888576027855263e-01
3.414981226154212846e-01
3.449750446015180105e-01
3.471765122566099482e-01
3.443180132825127693e-01
3.444813988568602436e-01
3.513401449329737747e-01
3.448887734298239915e-01
3.436168273191678724e-01
3.451371702025176624e-01
3.440887291974917273e-01
3.429097244063191163e-01
3.469213969748706217e-01
3.479991641681488557e-01
3.447730609146122949e-01
3.440182652033073607e-01
3.454756601259835191e-01
3.485042919513919313e-01
3.442999745449117910e-01
3.436626571329775559e-01
3.443735269820678568e-01
3.435074343129538299e-01
3.442150061967903518e-01
3.443203686215042802e-01
3.440446353832753434e-01
3.451035376846721126e-01
3.431016425823508187e-01
3.448790210167536063e-01
3.430909841085880152e-01
3.457938169763851155e-01
3.458361234832553754e-01
3.452078807713941933e-01
3.454824107240482833e-01
3.453243015197965948e-01
3.455070635977404714e-01
3.445172939959481595e-01
3.455678810777739196e-01
3.454915521379084975e-01
3.447900431151376122e-01
