1.082128498854219458e+02
1.084799460624519440e+02
1.073808391938791260e+02
1.028221045692672249e+02
1.060535760819006157e+02
1.034249354305352284e+02
1.006441280805982359e+02
9.937561946938032520e+01
9.893239260062716767e+01
9.736404940407481945e+01
9.624472409451142596e+01
9.437823123614663245e+01
9.650859138886579558e+01
9.114053550259008318e+01
8.818125976165538304e+01
9.205825443381709761e+01
8.549800569989628229e+01
8.668968273249936374e+01
8.608898432831178127e+01
8.450217005112989455e+01
8.474319751022110836e+01
8.089166920283544471e+01
8.247019617561311122e+01
7.960936928016151626e+01
7.933108513936694806e+01
7.732809677003081106e+01
7.560154340798149519e+01
7.499989964518532304e+01
7.549183512508363947e+01
7.446801296519741697e+01
7.394578577354376137e+01
7.337145214134282867e+01
7.526850159147819852e+01
7.210560422806277359e+01
7.007895619820084221e+01
6.602491758130078381e+01
6.919584593686450091e+01
6.933221346859437517e+01
6.971586458974076095e+01
6.886713139887113755e+01
6.923284585243473543e+01
6.799784078532353249e+01
6.766982703389125220e+01
6.565869674514640053e+01
6.407389539818366586e+01
6.358456178357707955e+01
6.480575202807104063e+01
6.264870811647325155e+01
6.398796739975072256e+01
5.915608044309009728e+01
5.970629302418816309e+01
6.318471804927170865e+01
6.090356992093757782e+01
6.113991568760918938e+01
5.834427616245520909e+01
5.974723012477644346e+01
6.127868932269692692e+01
5.628175510343514532e+01
6.235337464681806807e+01
5.726086167306547736e+01
6.029763012296141511e+01
5.968224162555559076e+01
5.838580633383194396e+01
5.624697680201967387e+01
5.787154246818069936e+01
5.783595401771776778e+01
5.995359306376541753e+01
5.287634317657411742e+01
5.591401587538711482e+01
5.697401538770379403e+01
5.436361687654210328e+01
5.389574933816340518e+01
5.276525537414427447e+01
5.429988608432101671e+01
5.397602063344606904e+01
5.302528291630823531e+01
5.100897442317474884e+01
5.053725766214031978e+01
4.936500376806140622e+01
4.962310874555505791e+01
5.174448435411812852e+01
4.905758507733860796e+01
4.856078836316123670e+01
5.099899175315370314e+01
4.828233031109296292e+01
4.945442454554365241e+01
4.863528937739807390e+01
4.622811206883254442e+01
4.920147101038281079e+01
4.927818566448408433e+01
5.112180518194637102e+01
4.737718482540412879e+01
4.763640952869592837e+01
4.397812518804047954e+01
4.737033264974190416e+01
4.940279426652685402e+01
4.691978928744251931e+01
4.849421395204365837e+01
4.570719541052017831e+01
4.653083582890767644e+01
4.503394583277970042e+01
4.557559344640776544e+01
4.518556757480715191e+01
4.851769412815283999e+01
4.703293899527177757e+01
4.819615221471506317e+01
4.689009321840802613e+01
4.588729825923603300e+01
4.552614520669417431e+01
4.471685016321385575e+01
4.675006170560443053e+01
5.103046416299819299e+01
4.681328776498240529e+01
4.597880472442265187e+01
4.981980827209835638e+01
4.951337485076989964e+01
4.488060559314162390e+01
4.822354574158984519e+01
5.045151020737070979e+01
5.200945689006648820e+01
4.728361003124712880e+01
4.915684213921010581e+01
5.027730988256806910e+01
5.170703822192211874e+01
5.180773003540253541e+01
5.213816606412885335e+01
4.916084273722540132e+01
5.004136751040131514e+01
5.024773020839433002e+01
5.115173413721812778e+01
5.226560565027837413e+01
5.482038939418907830e+01
4.995281508201920673e+01
5.241310824137960367e+01
5.460643716832169048e+01
4.877517397637188878e+01
5.141516798741727001e+01
5.028283618418432610e+01
4.878817465057297653e+01
5.112036747599651676e+01
5.173091764594261832e+01
5.513411371730706634e+01
5.076273808417934674e+01
5.172167997744711698e+01
5.296679396214449298e+01
4.930643473550512823e+01
4.959995793160251765e+01
5.224139799573676868e+01
5.139961538310006262e+01
4.913107021068613989e+01
4.677836891412704290e+01
4.948322323620200081e+01
4.922520554799705650e+01
4.773187869359717439e+01
5.036335987006672354e+01
5.110245062789612547e+01
4.777591777443247167e+01
5.186356891674461878e+01
4.806692028458621024e+01
4.836254620142182148e+01
4.819508371302136851e+01
4.521554859362524326e+01
5.148357228196166346e+01
5.043461300207304987e+01
4.954001751449541757e+01
4.822729858609798015e+01
4.985035259439136013e+01
5.074381150742748048e+01
4.862762513053362312e+01
4.820306797660617804e+01
5.000647142703271442e+01
4.844345324389109209e+01
4.663194732385991159e+01
4.897385979481257579e+01
5.038796776537866862e+01
4.942661884526624050e+01
5.278830527526903893e+01
4.890068023827614496e+01
4.924016057517994938e+01
4.972641023482997014e+01
5.219969876410981868e+01
5.114874944128676049e+01
4.881186104255949232e+01
5.048031804077704976e+01
5.194441564452619531e+01
4.993153554887699386e+01
5.192119452235613863e+01
5.101047492709231790e+01
5.019495060073511894e+01
5.154978134806444956e+01
5.101475566997358158e+01
4.945365246287726535e+01
5.077983296875203223e+01
4.999884513827068844e+01
5.120827566749735382e+01
5.397234641104810748e+01
5.071735853135455585e+01
5.253195591059222380e+01
5.283184021301187983e+01
5.013299301306334854e+01
5.136176102688413181e+01
5.113162631897212407e+01
5.029192428557201566e+01
5.046579008400790656e+01
4.794554117631150092e+01
5.288844766994711222e+01
5.055678552246449442e+01
4.860677662522740405e+01
5.037735985365638669e+01
4.799364011563042709e+01
4.896843721693341678e+01
5.126378547615000514e+01
5.370479146388492353e+01
5.084707794194758179e+01
5.027663313357120245e+01
5.229245176669794404e+01
5.048847453458606793e+01
5.062991352462091754e+01
5.105259841900221573e+01
4.681230754032256414e+01
5.046784316245198454e+01
4.978024515498800895e+01
5.208835935518870741e+01
5.147874528525363758e+01
5.147656704585124032e+01
5.261430722844470154e+01
5.092756052230097907e+01
4.815103655918233727e+01
5.082949561737434152e+01
5.212973516253265416e+01
5.201689963440452402e+01
4.926332871239687705e+01
5.170406314699874883e+01
4.958341616669085283e+01
4.632633377305435829e+01
4.823022001701428962e+01
5.103100053122022217e+01
5.161807996335723203e+01
5.157895699604107875e+01
5.093388136806636624e+01
4.970940568706699025e+01
5.089564593987214636e+01
4.786039030959431528e+01
4.901607312670349614e+01
4.962188707188052916e+01
5.009202354992674344e+01
5.071382067937316407e+01
4.863634929037346666e+01
4.837948482683847828e+01
5.178890284775931008e+01
4.875595749338235407e+01
4.901970020665512351e+01
5.034089879049852811e+01
5.052451130589332706e+01
4.899862939913285231e+01
5.259890431659921717e+01
5.071378420501282847e+01
4.957229724335928722e+01
4.996596321193367629e+01
5.252219944419206854e+01
5.073270337915160155e+01
5.247065091801446357e+01
5.016522079123424049e+01
5.002263069907436943e+01
5.081919964591484273e+01
5.075837559345325900e+01
5.274202486451050476e+01
5.116940644130533400e+01
4.999694562441611367e+01
5.005339094214783557e+01
5.304673954154760196e+01
5.195321034476521760e+01
5.472682729663998202e+01
5.103371637759115487e+01
5.094106126701412052e+01
5.101977301052143332e+01
5.274077295416172717e+01
5.172099883945445953e+01
5.158393456441013569e+01
5.413931927821854373e+01
5.058792486712147962e+01
5.059360032671263241e+01
5.404386464131670209e+01
4.924365554861340399e+01
4.964856658796141176e+01
5.202917152959573599e+01
5.039213874412650540e+01
5.177896855286694233e+01
5.370057871885536116e+01
4.959492321900464873e+01
5.111310315393672710e+01
5.310319526421766767e+01
5.099211076006853460e+01
5.142689183904845152e+01
5.158847213855499092e+01
5.168977173660824320e+01
5.166576539589085115e+01
5.140278622184554536e+01
5.290725429928082946e+01
5.388800823268480400e+01
5.263830278505452043e+01
5.177032085180044874e+01
5.404218569000746442e+01
4.946505618891783485e+01
5.212222980371512904e+01
5.323219343016486960e+01
4.992924852365282362e+01
5.266421712518761211e+01
5.165717199597780507e+01
5.201475815829164162e+01
5.333248110343883042e+01
4.976538064173412579e+01
5.404064075829871427e+01
5.053666062225634903e+01
4.849644802622925255e+01
4.960444246467819340e+01
5.216755838571901194e+01
4.980662875567044523e+01
5.258673867445485683e+01
5.180482018377990983e+01
5.004632966244740544e+01
4.935498007958149458e+01
4.896528152747997353e+01
5.008458740674745258e+01
5.082454982286660794e+01
4.665379212561086320e+01
4.611710448706799070e+01
4.959613821109353182e+01
4.924951880229897938e+01
4.710471285710588774e+01
4.895420540579461033e+01
4.602776416542050697e+01
4.873058502027970462e+01
4.862822960175506637e+01
5.007778590400663177e+01
4.921717335080389688e+01
4.952855660877198574e+01
4.522252128924368009e+01
4.954922861640281440e+01
4.566698177727411689e+01
4.815588498877494317e+01
4.845496079590878225e+01
4.843979006711392543e+01
4.729691112386804264e+01
4.902659248186431995e+01
4.900418152073003597e+01
4.780365635711702765e+01
5.129786384688214440e+01
5.188752958114368852e+01
5.026183967669023644e+01
5.023838751940096614e+01
4.900248261393157634e+01
5.122757690337130754e+01
5.274954485889382028e+01
5.148288887578742390e+01
4.837029633880848678e+01
4.750554939044486957e+01
5.132381118388691732e+01
5.067911370629002477e+01
4.838691396904248165e+01
4.914218615343824581e+01
5.016066848829703417e+01
4.878656294562513551e+01
5.148884372409273880e+01
4.924810070875932411e+01
5.229450408756403590e+01
4.983655632171817018e+01
5.080445905623222558e+01
4.821463929554693806e+01
5.115253914082378373e+01
4.759191014533521980e+01
4.989893881756827199e+01
4.688208886873289316e+01
5.286080119598748439e+01
4.899377292753553803e+01
4.789192356782504589e+01
5.030508192652953170e+01
5.147131250783543521e+01
5.042716117606973114e+01
5.327809756372676731e+01
5.125512645327750505e+01
4.972563758990170868e+01
4.956524289683753182e+01
5.178901449813346858e+01
5.128712111060146839e+01
5.168456625858480891e+01
5.104284557103268583e+01
4.976034209393489505e+01
5.039616674856731748e+01
5.241258946933739082e+01
5.097218264784805086e+01
5.102473827615081348e+01
4.842830819360482764e+01
5.171104674876963969e+01
5.421293725135782893e+01
5.033326467778552171e+01
5.028364971223596314e+01
5.227842410942744777e+01
5.310665151152949193e+01
5.103204243295909492e+01
5.108152416830829878e+01
4.633590573058043560e+01
5.256698880612117364e+01
5.218939428652961965e+01
5.305456198266779211e+01
5.190303321094130240e+01
5.154470804862942401e+01
5.024921362113465051e+01
5.052785723729579104e+01
5.297545369477425226e+01
5.003227424692404668e+01
5.062282123116567334e+01
4.962981847671355951e+01
5.273914768838069733e+01
4.914380573856376344e+01
5.147517271151825469e+01
5.184604736785072987e+01
5.157130520971909959e+01
5.004160926511102048e+01
4.811914149371379779e+01
5.059625568123191641e+01
5.119460611454719867e+01
4.985341549603906230e+01
4.897648241943010561e+01
5.104219444466752265e+01
5.064720912000394293e+01
5.069899947556216802e+01
5.159357712934823326e+01
5.021609524317246809e+01
4.962564073118310404e+01
5.222340507528402753e+01
5.059446441648138659e+01
5.266765329819889274e+01
5.251438958891677089e+01
5.045521140762864576e+01
5.119830271685822254e+01
5.157387456574490159e+01
5.092862543065076153e+01
5.055294288850751627e+01
5.018095308875097516e+01
5.191720737768250871e+01
5.219118758535131519e+01
5.112793358976232128e+01
5.259428195220535684e+01
4.999582001842067314e+01
5.062041265246558197e+01
5.117107619134490193e+01
5.357971360606513400e+01
5.214421423646224696e+01
4.997003234130104943e+01
5.167824911940169841e+01
5.132502355372648140e+01
5.092987231987562780e+01
5.242197345287718946e+01
5.240655012858341166e+01
5.200218587660235414e+01
5.256965282065184653e+01
5.024600874169885145e+01
5.381971900512537843e+01
5.340894071166092516e+01
5.260816508885757514e+01
5.091973546072719614e+01
4.924428112653735923e+01
4.907295398465862490e+01
5.050611202289670132e+01
5.181391185588379500e+01
4.847366028140150718e+01
5.137008422268039709e+01
5.026097292395859739e+01
4.846694900247143778e+01
4.836377512705532666e+01
4.969002672628144524e+01
5.214537489472952103e+01
4.931007939971790677e+01
4.894665179993081239e+01
4.821576491048342206e+01
4.978307420128222560e+01
5.251901060807539778e+01
4.880972365854706396e+01
5.001383690157360462e+01
4.853324983423114958e+01
5.002166109813437345e+01
5.029177277878662267e+01
4.874089069888809433e+01
5.023753779305275202e+01
5.133743255595630472e+01
5.007165859870393376e+01
4.946917193326794404e+01
5.262678759675215900e+01
4.975471892093764836e+01
5.010547620749473907e+01
5.126656533862912823e+01
5.009591630345747859e+01
5.192255937783205866e+01
4.896770739052420396e+01
5.025036016757714918e+01
5.044176396652909489e+01
5.206729825265208689e+01
4.966303678780800368e+01
4.849972149654564646e+01
4.978862289711754840e+01
5.158079626458492584e+01
5.030835255280868523e+01
5.007285791000569475e+01
4.820744713414494242e+01
4.932843431192603845e+01
5.043188922906983862e+01
5.342286661845817264e+01
5.216136018220137771e+01
5.128204512712547825e+01
4.895685291026762798e+01
4.961776928204309911e+01
5.116398408518023899e+01
5.122757009473328083e+01
4.862831114713825542e+01
4.991758013736334476e+01
4.946388915943506959e+01
4.837159123702944186e+01
4.905376868400480816e+01
5.234852418660443618e+01
4.849419585431426327e+01
4.909969811283134788e+01
4.972093734805367404e+01
5.137910268837516270e+01
5.100476374970045157e+01
5.131874455738387297e+01
4.953712485236505358e+01
5.278643574436870978e+01
4.930543255100409539e+01
4.981438569152865625e+01
4.892415981857645590e+01
5.332985818168710779e+01
5.043201680723269220e+01
5.046639122977768466e+01
4.953785795423682714e+01
4.861641469132467108e+01
5.116949187510357433e+01
5.081218837626538232e+01
5.087532219402952904e+01
5.001555314908186745e+01
4.943389003657769365e+01
4.954832144045523989e+01
5.265197256291697414e+01
4.951695173143092887e+01
4.937644223029162305e+01
4.932202920911651489e+01
4.855572134391510275e+01
5.118546753461912147e+01
4.949618395773661206e+01
5.214473813712822192e+01
5.324782966937510764e+01
5.120820714716441557e+01
4.916428069076311402e+01
5.097831659266763182e+01
5.199788225420438437e+01
4.869689745060843933e+01
5.130655235381889412e+01
5.172822490271334317e+01
4.905394039608517431e+01
4.984396064467071596e+01
5.066622054198043656e+01
5.192041162775348084e+01
4.803702299757372174e+01
4.960894911425943121e+01
4.795818796507144555e+01
4.898997889778680559e+01
4.843158961234143334e+01
4.924159987040004438e+01
5.252004593579717806e+01
5.004449686122691077e+01
4.960170069681308291e+01
5.095085240120969416e+01
4.999653241877468446e+01
5.068153807562372037e+01
4.744691725894177381e+01
5.455322477369878698e+01
4.849807667752402551e+01
5.049438955363966386e+01
4.836883564128727642e+01
4.966878945142313739e+01
5.170465359525289983e+01
4.822648859205138905e+01
5.004908239743200937e+01
5.044119707839194433e+01
5.008576929695612279e+01
4.903071730773199022e+01
5.156802497267817387e+01
5.046980284083056034e+01
5.132820998665633994e+01
5.004972560525622782e+01
4.642503978695384603e+01
4.727608201395982945e+01
5.004410665411318604e+01
5.132800562141554934e+01
5.111707337566088682e+01
5.099372676284826156e+01
5.193848284470382026e+01
5.098913358395861906e+01
5.161383677642317735e+01
4.892922340500676626e+01
5.002198132348904380e+01
4.814999330356132390e+01
5.137602431849714435e+01
5.329437234795640421e+01
5.162888768535149353e+01
4.897300035638746607e+01
5.097364921141664240e+01
5.089117555395884551e+01
5.444545074770726956e+01
5.160054940249086997e+01
4.930227228980162835e+01
5.170528510280428236e+01
5.128979343026405502e+01
4.877653822859854671e+01
5.176349118284964845e+01
4.988862392649841127e+01
5.162056969237136173e+01
4.988178583497749230e+01
4.996420933318086810e+01
4.820817983760606751e+01
5.270890398772375818e+01
4.783481805413092047e+01
5.171496232373296209e+01
4.864331750614349659e+01
5.201273608917057345e+01
4.980810100478401381e+01
5.071137806247791247e+01
5.149901569814646507e+01
4.950918426926467930e+01
5.155791343530590609e+01
4.875894206169454037e+01
4.975042471634775865e+01
4.984412760049819724e+01
4.939832911126290327e+01
5.015184541362655324e+01
5.166451944119638284e+01
4.951294749389931837e+01
4.956382446582386336e+01
4.938777825327006354e+01
4.955663727929105278e+01
4.980790644565195890e+01
4.918638315829014829e+01
5.060991878672271582e+01
4.953328464795768582e+01
4.967481579569867023e+01
4.947294096291157217e+01
4.804970934703198537e+01
4.846832746522359514e+01
4.858242321950937992e+01
5.010221247909031206e+01
4.944058009840742329e+01
5.060027186641007546e+01
4.938754330452918850e+01
5.079767445219054167e+01
4.989941820439910458e+01
5.045782822998106099e+01
5.301785554064189654e+01
5.031621800876485651e+01
4.913414294288649131e+01
5.136819662299659228e+01
4.869625098799259888e+01
4.997922118283168658e+01
4.841604482265908871e+01
4.975074569763781085e+01
4.737366660290123122e+01
4.681707707304843069e+01
5.042211394168189287e+01
5.092235605207557114e+01
4.903719500044122270e+01
4.537000237014114390e+01
4.678730936420429032e+01
4.689300528106144839e+01
4.911821782459680463e+01
4.827415153819860905e+01
4.857195000208931646e+01
4.754143540953698732e+01
4.728534316793713543e+01
4.700234710880749134e+01
4.564824091726119804e+01
4.885749598340748889e+01
4.829878822839005892e+01
4.751106315236324917e+01
5.118548058626982566e+01
4.959418228678018181e+01
4.704171304982865820e+01
5.075423786744308785e+01
4.689523309509186078e+01
4.726874922827931869e+01
4.756389410319694377e+01
4.500575252207895005e+01
4.624611866414803529e+01
4.578380978484538133e+01
4.508012483797696746e+01
4.480140426396587827e+01
4.668926259942553969e+01
4.606211696301187430e+01
4.520038456331882060e+01
4.601964789122605737e+01
4.341505563664623679e+01
4.456185384521027260e+01
4.403855770995157570e+01
4.285604272820881278e+01
4.489105809475731235e+01
4.399683525952822549e+01
4.467739051460370092e+01
4.810370501335688687e+01
5.047249414668774392e+01
4.705568166992971868e+01
5.017290936682229585e+01
5.218537567259230059e+01
5.015292187401424684e+01
4.766261379980561230e+01
5.094136716448692681e+01
4.952885631971854963e+01
5.025317845038570397e+01
5.352683640802655418e+01
5.029070653702092386e+01
5.214364859230707339e+01
5.393590031989733546e+01
5.271915112686876626e+01
5.433730276697882999e+01
5.338105151032640805e+01
5.202610799961598076e+01
5.283931268095590639e+01
5.159263587222318392e+01
4.907275555669775713e+01
5.032139683309068801e+01
5.424566449547861424e+01
5.052650265705801047e+01
5.046877623621948317e+01
5.396106082072051890e+01
5.185960653791412511e+01
5.130312074795697441e+01
5.031683917438376596e+01
5.355740135579961958e+01
5.268409523524240257e+01
5.326762247342432488e+01
5.537794945187496864e+01
5.222459467339049866e+01
5.508123601045969764e+01
5.343639398636286586e+01
5.322860238701814239e+01
5.297928562035973954e+01
5.359062355060405736e+01
5.317426761189989293e+01
5.332704855803434185e+01
5.310940777205726704e+01
5.548144372452512130e+01
5.143661653556586089e+01
5.379836342252858827e+01
5.364892666684117017e+01
5.399549694159495061e+01
5.418259642784511954e+01
5.606548326809809879e+01
5.268304845600766129e+01
5.243062184088869060e+01
5.212084146180467314e+01
5.275410283598706229e+01
5.598623441556710389e+01
5.403799691290981144e+01
5.306522421546403478e+01
5.242326672095993700e+01
5.557169244320611057e+01
5.552530162124807589e+01
5.427642112162864407e+01
5.254284481049842981e+01
5.490630149742508337e+01
5.394986029591821364e+01
5.528629730740174608e+01
5.312838805757635186e+01
5.267134330387456487e+01
5.227953211759128749e+01
5.186686985114599935e+01
5.275168184505758262e+01
5.008904721164254426e+01
4.830014056209944329e+01
4.830191787644000811e+01
5.067536820744982151e+01
4.916800785491899717e+01
4.983465113147670422e+01
4.882511574866124704e+01
4.899246174770230056e+01
4.538685652189525399e+01
4.436271518659201973e+01
4.337366323200694751e+01
4.631107864947907160e+01
4.223303276533997774e+01
4.183219074402108362e+01
4.261970423029805488e+01
4.081722632950872764e+01
4.066466028471483440e+01
4.040697010004564760e+01
4.039873206115953508e+01
4.187048443213902971e+01
4.479280893082938775e+01
4.390071985643804453e+01
4.590116759786039324e+01
4.756845682749089121e+01
4.329879744039337908e+01
4.347905150924517415e+01
4.257016153894799260e+01
4.126861772467087519e+01
4.147750660368143372e+01
4.242011376077488194e+01
3.985553680248109032e+01
4.212267953045751057e+01
4.144203486918804913e+01
4.294508978660548593e+01
3.928733630923087361e+01
4.295446324887980438e+01
3.954261371818115833e+01
4.077344910379140686e+01
4.057510598339140984e+01
3.781583563932259295e+01
3.768867289216212413e+01
3.980894236583985446e+01
4.260266712962919655e+01
4.018517072866895745e+01
4.043374334505701739e+01
3.930862692176442152e+01
4.088398273817083606e+01
3.981901873074652087e+01
4.132182343959217974e+01
4.176522846129746824e+01
3.996831353312283852e+01
3.807806894747580628e+01
4.030602207914890300e+01
4.119353642764036749e+01
4.164602398047149734e+01
4.131249581998313403e+01
4.120320964913372563e+01
4.161003557036624301e+01
3.926059628047321581e+01
3.901399820835229804e+01
3.972596142594398572e+01
3.842908188592395646e+01
3.931791939978321437e+01
3.515490550502161682e+01
3.938163125584271285e+01
3.723678339094605860e+01
3.820321960253899363e+01
3.663804838714627010e+01
3.984336462759518582e+01
4.033607414141910397e+01
3.558175591811853167e+01
3.429067901996359780e+01
3.243610613917100949e+01
3.403478436091205594e+01
3.836514968430449812e+01
3.538922490740490900e+01
3.392003014830162044e+01
3.338241908499955457e+01
3.796931483539871977e+01
3.703036949903871289e+01
3.580282105008424764e+01
3.496430945486647346e+01
3.540563232895073043e+01
3.718893858449521161e+01
3.576378460762369116e+01
3.323961708103102097e+01
3.364132888982616265e+01
3.600528605086958578e+01
3.513951185623532325e+01
3.828195481626561048e+01
3.533750689704602621e+01
3.657315301836101185e+01
3.316844166961910645e+01
3.409726718740417795e+01
3.366042213717602039e+01
3.533474005731045509e+01
3.630092315744270337e+01
3.803962979741794470e+01
3.461757740663932736e+01
3.727735497010249333e+01
3.559535503524289624e+01
3.665219995304941847e+01
3.470552280269326673e+01
3.812162081456931872e+01
3.961758496154532594e+01
3.674748732052614741e+01
3.334204547269662555e+01
3.276938621339341040e+01
3.436671082740009808e+01
3.575227518268791727e+01
3.485110223852981903e+01
3.454197245441822872e+01
3.541393520304018949e+01
3.789997951345321781e+01
3.743646105771817645e+01
3.844151150278703000e+01
3.692701613111042747e+01
3.619689591779552984e+01
3.588238472201716434e+01
3.823318006476343101e+01
3.316524420963025221e+01
3.891778089869577428e+01
3.531044993760069417e+01
3.627258523519815014e+01
3.423607536997153034e+01
3.288496858736559147e+01
3.492785387044489198e+01
3.454617992293186290e+01
3.715040558546430560e+01
3.592594643683595734e+01
3.534621352777563175e+01
3.489465846583176756e+01
3.400640981127881446e+01
3.779185656873269750e+01
3.346603332313838308e+01
3.472836945901760686e+01
3.372254643578161648e+01
3.553391541399457765e+01
3.624663968579078954e+01
3.354793773298835902e+01
3.282184246757891088e+01
3.331220388686609368e+01
3.216252011626941965e+01
3.371112021453134133e+01
3.395319293099684899e+01
3.651404642779489507e+01
3.393374124136190773e+01
3.337764422523937924e+01
3.548280593196683697e+01
3.480441978768676847e+01
3.230319554900100343e+01
3.168914126938082632e+01
3.244688706153503688e+01
3.251266471532233737e+01
3.375109730222710169e+01
2.947006407248466431e+01
3.297788992378143291e+01
3.274164466478696056e+01
3.180755810745569789e+01
3.179102854882510698e+01
3.511959803213576237e+01
3.685298415869097965e+01
3.436720925064485499e+01
3.279545383220365551e+01
3.390981351385589448e+01
3.600438862859364519e+01
3.544358761366204646e+01
3.382198621025170837e+01
3.288513628490387219e+01
3.461384369984374842e+01
3.613383435212509198e+01
3.653746848600559360e+01
3.835254115875525827e+01
3.454857365310135009e+01
3.435495417951177899e+01
3.605110422992754593e+01
3.452264117216653716e+01
3.684821983946471136e+01
3.598789387643151372e+01
3.779798070716348235e+01
3.687940730222202035e+01
3.642481828285648504e+01
3.797243075609906526e+01
3.687511225122538860e+01
3.596332297340946127e+01
3.462541623568685623e+01
3.475945489838999691e+01
3.601867425769355435e+01
3.702294342755462253e+01
3.592395264922159015e+01
3.664916489427016444e+01
3.704308012416169049e+01
3.498569026058594034e+01
3.762522159521095233e+01
3.776497422031744122e+01
3.628655728518181434e+01
3.668126131958254632e+01
3.573387723556795237e+01
3.796859211586529170e+01
3.284541905313508892e+01
3.692592575664469479e+01
3.774841323279262895e+01
3.686639676697164703e+01
3.820610740575168762e+01
3.887430845126187506e+01
3.697098345356793914e+01
3.703229668882996606e+01
3.732473986943200828e+01
3.938305011535719302e+01
4.111432231048860331e+01
3.835469853384667260e+01
3.882714944537949719e+01
4.111971123345566070e+01
3.830485556948486447e+01
4.059582342838005076e+01
4.003371879353331053e+01
4.098818731866867893e+01
4.252129910818612757e+01
4.138582398032362875e+01
4.241870132398733517e+01
4.316151964629200677e+01
4.392012294978042775e+01
4.294157320174662118e+01
4.861422347324487703e+01
4.872159896471514173e+01
4.833039208569348233e+01
4.705455703189997507e+01
4.567239708453604408e+01
4.685694227649810273e+01
4.798020938524391710e+01
4.414748945100043898e+01
4.635194297830294374e+01
4.589557036391608591e+01
4.871830060812336427e+01
4.736623744037602535e+01
4.886629212263292743e+01
4.995389538063319179e+01
4.681422836589548808e+01
4.757745280433852741e+01
4.784232469267474386e+01
4.999441360622738273e+01
4.338322611732728262e+01
4.700080144704144658e+01
4.577980345209223145e+01
4.618327964103858818e+01
4.602087327157384777e+01
4.515914368950117819e+01
4.609298918130268419e+01
4.590341822121692417e+01
4.360208792414218948e+01
4.545703227889600129e+01
4.382241851326137549e+01
4.515728590090880346e+01
4.687098879989534339e+01
4.687320545499534319e+01
4.682596085385571882e+01
4.851650287109477944e+01
4.330724363825846979e+01
4.378465987752789346e+01
4.651302536712757529e+01
4.486156528696583479e+01
4.687534991148281449e+01
4.505113855103958542e+01
4.500940437415283668e+01
4.441491019017504982e+01
4.532935766167295100e+01
4.241412098591554525e+01
4.013188005398773583e+01
4.274424234644973808e+01
3.954785930165856200e+01
3.905962854017816710e+01
3.966868879568688300e+01
3.898457762183625874e+01
3.907184223948760859e+01
3.997039249469710143e+01
3.772646768180932497e+01
3.723747641931646513e+01
3.823723935390899697e+01
3.666857777470704605e+01
3.711244644707541340e+01
3.640428767012635802e+01
3.783272902876359467e+01
3.826225657835587413e+01
3.997397093236590848e+01
3.483232457099914114e+01
4.018439851892522796e+01
3.827282935576560874e+01
3.978053465267508670e+01
3.804108113098318711e+01
3.902122751631750219e+01
3.792260971385339730e+01
3.954646963902084877e+01
3.914101164427565749e+01
3.835875826362286034e+01
3.931150585158064104e+01
4.158627564350400263e+01
4.043893956000921008e+01
3.993272241942532474e+01
3.701641596023041814e+01
3.764219348762173212e+01
3.790357728203683507e+01
3.848068943031397993e+01
3.658156644797762880e+01
3.928358381801944432e+01
3.938632173058916663e+01
4.013276025272899972e+01
3.860978440058306660e+01
4.022567043080130134e+01
4.133189700639643149e+01
4.001660101209486697e+01
3.911255103642968578e+01
4.264341690115192307e+01
4.002176519140269306e+01
4.214699224171307890e+01
4.250035499559810148e+01
4.445043498737457099e+01
4.577469093060478400e+01
4.689584407640499109e+01
4.912973597674655224e+01
5.204082577436601298e+01
5.011646546618874964e+01
5.404022288182117961e+01
5.374167048575415606e+01
5.388271046338857673e+01
5.324265411137282200e+01
5.533305326110443900e+01
5.465969271108347982e+01
5.671145872278330557e+01
5.364423778726622061e+01
5.491669156707322230e+01
5.599638466601651743e+01
5.412920681527663191e+01
5.744930865186127278e+01
5.736925413938659091e+01
5.593133744698506149e+01
5.273333353267933177e+01
5.528736912249282653e+01
5.669642240213205042e+01
5.559744377246365588e+01
5.693335864650076417e+01
5.511844585154083376e+01
5.540441910028268779e+01
5.583734942199158269e+01
5.498231038698426687e+01
5.531178924339003089e+01
5.532871719109429876e+01
5.414987589056656248e+01
5.480243623279422849e+01
5.682462675158907928e+01
5.560618468183110963e+01
5.348129688093070655e+01
5.009368170944965470e+01
4.812373406724645974e+01
4.974340637826681188e+01
4.868101199510036281e+01
4.915965419204880504e+01
4.952314134478027796e+01
4.826556448767865959e+01
4.948798770673734282e+01
5.116842772075079893e+01
4.996730661892443237e+01
4.949353215647406046e+01
4.896459223568551522e+01
4.880138272264075283e+01
5.035643649855422410e+01
5.049281264394614510e+01
4.879389092337871858e+01
4.785683963676153496e+01
4.803910407814635875e+01
4.766346827402372810e+01
5.038067237426513145e+01
4.766554160504305315e+01
4.639064541784961193e+01
4.899882119239509848e+01
4.838791155922016429e+01
4.905758548461992774e+01
4.760796562951284727e+01
4.611342584413864643e+01
4.740995339892470639e+01
4.965489390937055703e+01
4.989647623252998443e+01
5.093796600655066698e+01
4.898033746010401757e+01
5.015820462002687918e+01
5.041190760743808852e+01
5.039406857714280363e+01
5.035432323646992359e+01
4.886360634881679488e+01
5.095435987018848323e+01
4.934916265930083057e+01
4.693923361830109542e+01
5.000882839305339189e+01
5.142033333543238882e+01
4.858467800759765964e+01
4.697414513005040959e+01
4.777126720454482722e+01
4.770575729695939771e+01
4.378098276192499583e+01
4.640309921717535957e+01
4.488751472077185412e+01
4.766625232414011748e+01
4.278138278340897926e+01
4.910323513156268405e+01
4.699101428121914381e+01
4.794172666805648220e+01
4.374506839356141086e+01
4.554533118590607188e+01
4.706514055522809770e+01
4.704207249462934470e+01
4.617712813000625971e+01
4.508289934514014163e+01
4.945094002042799985e+01
4.663103731881029290e+01
4.653864449557864447e+01
4.798738824094553479e+01
4.600330400784192619e+01
4.748611082532332972e+01
4.904704694096685103e+01
4.768062452888329261e+01
4.800912033239549714e+01
4.848974666048027871e+01
4.994848646076593468e+01
4.877644688293035102e+01
4.925392008038019753e+01
5.180135996554704292e+01
5.092870908509399897e+01
4.924785776613591537e+01
4.992426514281415706e+01
4.950871221114643106e+01
5.117316569260888315e+01
4.873867472529747857e+01
5.005055982848252683e+01
4.737445120766299311e+01
4.684273629168647801e+01
4.612391664032854521e+01
4.745126474442142950e+01
4.692394047576775762e+01
4.461563818779204382e+01
4.327352509662168956e+01
4.171264783307655932e+01
4.064135424368853222e+01
4.118512614303192976e+01
3.880862821837103382e+01
4.015398313352679338e+01
4.148497868547404011e+01
4.016238782406863095e+01
3.881023159548055901e+01
3.922061289556206987e+01
4.087739713731009772e+01
4.140344107459083034e+01
4.015294824113789218e+01
4.169674015772494613e+01
4.129462446366032680e+01
3.910520008396083824e+01
3.917729641204543611e+01
4.177575126921428961e+01
4.338214177954821338e+01
4.296364584689658983e+01
4.242628220968521191e+01
4.214214528469501886e+01
4.112427197098671172e+01
4.036416741767266814e+01
3.809754873510330242e+01
4.144222526194963052e+01
3.987458780066906883e+01
3.772901959447513320e+01
3.973069580524325772e+01
4.072437951130108047e+01
3.964271413125257482e+01
3.797104646010769358e+01
4.112112002122719190e+01
3.909732293925622315e+01
3.693891124169698514e+01
3.706224125523510082e+01
3.829421394777236998e+01
3.990979054967871065e+01
3.913868324432474566e+01
3.723386159111757365e+01
3.713533544061554892e+01
3.677147111120936529e+01
3.788399103768572473e+01
4.132943746127621409e+01
4.085566970808508103e+01
3.615951423448188962e+01
3.909255974782506371e+01
3.744625319470041802e+01
3.708148502912322897e+01
3.712487259951080176e+01
3.694084947000033026e+01
3.511815635198956187e+01
3.719955178946086960e+01
3.533529921861399714e+01
3.496502423394400694e+01
3.292600918697576873e+01
3.341200109674921492e+01
3.388225256497109683e+01
3.468049925047590420e+01
3.361963116555176612e+01
3.306293854203872229e+01
3.369411158119040550e+01
3.369884999763891642e+01
3.254411708523339541e+01
3.311883187503173076e+01
3.188614375610570306e+01
3.257688938708685811e+01
3.139868780968609840e+01
3.533593131130499643e+01
3.346953526472568541e+01
3.485274392445498393e+01
3.132171330549762445e+01
3.191009688299737590e+01
3.274261677166910545e+01
3.336951895945864521e+01
2.966634924400168671e+01
3.347298093034486044e+01
3.049269406395746529e+01
3.132661124497133542e+01
3.131221516140742622e+01
3.369556389962023957e+01
3.060186154768404165e+01
3.116046679489192073e+01
3.171221648296359419e+01
3.138642189946639860e+01
3.282405912055295261e+01
3.186197881638400631e+01
3.174281045257295375e+01
2.908443894867877688e+01
3.167859022122772217e+01
3.351854544581429707e+01
3.183900631731541253e+01
3.031725166639970581e+01
3.096353546556655090e+01
3.291128945693678531e+01
3.228440891569150040e+01
2.982911940562904718e+01
3.220032632410777751e+01
3.065618936844426656e+01
2.912813493450341795e+01
3.052895472118661502e+01
3.177655838286058554e+01
3.116480944121344621e+01
3.103235825948600990e+01
3.161059994902032955e+01
3.175785163790120791e+01
3.006512122112951602e+01
3.050961684807948160e+01
3.232750132115541675e+01
3.212579204123755261e+01
2.975581912074128610e+01
3.068703256007422198e+01
3.228895762095655897e+01
3.157969125910386410e+01
3.188819765709001430e+01
3.020681298400942438e+01
2.942083285642795687e+01
3.258849125234279853e+01
3.204740581661005905e+01
3.132657616997876460e+01
3.108180415465399093e+01
2.980119794002105493e+01
3.084302706062475963e+01
2.913635666116129741e+01
3.207759069239493499e+01
3.189301321810570400e+01
3.125114238341815920e+01
3.315882882158480527e+01
3.062044434299683004e+01
3.289094452944193137e+01
3.131378858383192565e+01
3.150836386168186110e+01
3.111788945890580749e+01
3.430799282399672734e+01
3.223141238740175396e+01
3.409334957784147235e+01
3.497051400732271986e+01
3.247299597166457374e+01
3.204159004735747374e+01
3.291927135923032210e+01
3.367394663315940306e+01
3.431353532106734860e+01
3.033866136812305569e+01
3.243482442289537460e+01
3.186157788680752745e+01
3.249555334329438239e+01
3.528391088887775595e+01
3.205937388912430208e+01
3.336328322432567006e+01
3.347210560379600963e+01
3.452670870513893675e+01
3.211989398930397499e+01
3.383732220158984916e+01
3.246094869295289698e+01
3.299215417483114976e+01
3.336378327084417350e+01
3.233268355499151880e+01
3.088275059005071910e+01
3.206125516829764166e+01
3.147775676636641506e+01
3.247917844993017411e+01
3.098264170170734388e+01
3.339466777658238783e+01
3.061905514506652537e+01
3.435489525811676259e+01
3.315337841123859164e+01
3.362728804691838036e+01
3.303543836010717882e+01
3.216199971235194255e+01
3.328938179911816064e+01
3.304595066778383483e+01
3.361673548529279998e+01
3.065567733868623179e+01
3.453069135077712559e+01
3.335252689591958841e+01
3.496407488388396700e+01
3.658424294066621485e+01
3.558623215180772092e+01
3.131779810328939107e+01
3.314619619737888456e+01
3.460311697792944585e+01
3.276165258284199666e+01
2.913973215859141774e+01
3.667901945295315613e+01
4.004907720845861974e+01
3.467753874240105461e+01
3.729837833281369797e+01
3.598810397540562178e+01
3.700763721738637457e+01
3.595782330547208971e+01
3.858065852505028204e+01
4.095188356136800678e+01
3.908558133304279636e+01
3.893400762817385186e+01
3.936822233919717462e+01
3.858865025262470994e+01
3.925133187878514462e+01
4.247944876660189095e+01
3.880495414319442915e+01
4.259609276280379930e+01
4.021460471837686868e+01
4.001380996405421797e+01
4.075104841407343059e+01
4.208301750686896270e+01
3.478789669369514570e+01
4.143382429238654652e+01
4.282314719283885296e+01
4.167710241537415072e+01
4.375243084254498882e+01
4.015020395291212196e+01
4.176552158423587002e+01
4.104968145916690503e+01
4.326172201718775767e+01
4.355822261539951512e+01
4.136279488292237261e+01
4.383492946660071254e+01
4.307077616531250186e+01
4.262056581009601075e+01
4.356999524977413074e+01
4.240022838551696793e+01
4.407087807608267127e+01
4.228420621122506162e+01
4.345341552516319439e+01
4.438845736258642205e+01
4.184895291854525823e+01
4.294958531324942896e+01
4.282438165341159930e+01
4.328469681153101334e+01
4.335816037431517600e+01
4.467335607878485604e+01
4.264135101110170467e+01
4.516172411266347808e+01
4.437208310778628118e+01
4.208007319616692854e+01
4.498483625242815975e+01
4.565278207582421288e+01
4.480616408848030119e+01
4.547567359001829601e+01
4.521052831826244045e+01
4.455222934962657177e+01
4.608357525144969458e+01
4.429313236105401330e+01
4.470591550091106114e+01
4.701427271713825462e+01
4.716423046415303588e+01
4.682668551308780280e+01
4.294037113407780737e+01
4.559068523663660244e+01
4.474158609746957893e+01
4.481076737853638292e+01
4.498340246651141427e+01
4.472643551007215734e+01
4.681918202064822054e+01
4.415969284220329172e+01
4.598400081448006205e+01
4.670379207882447048e+01
4.162943249662711764e+01
4.623890841199796142e+01
4.444856514397608294e+01
4.694125704602391380e+01
4.636619812756413239e+01
4.525320868675007091e+01
4.506147113033035367e+01
4.602719306259709953e+01
4.602467889257173539e+01
4.506650688262843119e+01
4.753629745224692726e+01
4.487376444937736863e+01
4.655785201296250619e+01
4.594712147897624277e+01
4.419542312964327380e+01
4.612603165679595207e+01
4.587912185256742248e+01
4.607762769151108984e+01
4.418127151964208110e+01
4.558773073941812015e+01
4.545661922864812965e+01
4.496523040083883416e+01
4.609159485268111212e+01
4.329695973663199737e+01
4.805181785121756377e+01
4.507607171253700784e+01
4.632647448560808812e+01
4.332919861660957395e+01
4.639397690157450427e+01
4.671015625329199139e+01
4.618315499334564578e+01
4.639036860805244089e+01
4.810163425794215186e+01
4.626683955709395946e+01
4.510721549773161598e+01
4.561625723552013056e+01
4.626731966164484788e+01
4.791909133035431978e+01
4.439732354848624851e+01
4.614669688659049029e+01
4.549875244095152027e+01
4.563081757170233743e+01
4.819330703859324672e+01
4.477335506312473967e+01
4.553843982022058867e+01
4.863754759508250913e+01
4.903206418101474640e+01
4.836868772706689867e+01
4.538946365941004046e+01
4.512797980331064451e+01
4.649748639137342110e+01
4.482859699996021163e+01
4.773970929182516443e+01
4.708039225303159014e+01
4.553516099054220234e+01
4.786272015464620466e+01
4.664744679385295001e+01
4.617620965429831870e+01
4.905905619907012749e+01
4.544288846355617295e+01
4.725186155935575982e+01
4.627120759189661925e+01
4.850576982167412154e+01
4.649727942671247405e+01
4.738336633962055799e+01
4.529852033385825649e+01
4.910970282539509668e+01
4.722388199265846964e+01
4.615622972107662747e+01
4.751140104920035867e+01
4.619637516118891796e+01
4.502937538282788665e+01
4.711396440320029910e+01
4.450933151090374196e+01
4.617085607160761640e+01
4.329403803859060673e+01
4.418216242192015386e+01
4.494251451607470926e+01
4.533759366768724419e+01
4.593553429857560388e+01
4.704217604117310714e+01
4.532894933769814827e+01
4.869868349215153103e+01
4.580298377262648302e+01
4.639993961884416507e+01
4.680395551414366651e+01
4.636774712501896545e+01
4.660197659252629165e+01
4.828606768795800974e+01
4.417740434308918651e+01
4.694388356335327472e+01
4.548843515153632211e+01
4.727300532992450144e+01
4.613557180988488682e+01
4.884946477304215762e+01
4.578665776834228041e+01
4.545762979786493929e+01
4.493790271171810957e+01
4.204592315081100651e+01
4.692368355647830924e+01
4.727007229737140648e+01
4.545005285579136967e+01
4.494761865751959107e+01
4.632396205548867130e+01
4.510143333405293475e+01
4.527058067006615261e+01
4.689034488207901319e+01
4.713091851079212802e+01
4.686024765957887439e+01
4.690161069667138349e+01
4.842590602869459815e+01
4.622133391369439437e+01
4.807930639061383005e+01
4.775178074118713312e+01
4.390545258029147391e+01
4.820974093758546530e+01
4.656118298878232764e+01
4.532735740997099327e+01
4.492629160302580971e+01
4.643909334687867840e+01
4.376217833597223006e+01
4.926615026715109025e+01
4.795009997518732092e+01
4.622348209200173130e+01
4.517409514449131080e+01
4.595299961398658439e+01
5.027652472244536597e+01
4.541844855065366460e+01
4.511032156780945002e+01
4.782300444002824236e+01
4.668941894353988431e+01
4.487429080814772675e+01
4.636854317321432717e+01
4.757809365658810918e+01
4.787109443139183185e+01
4.372180427420244087e+01
4.729725471575582674e+01
4.537782496537659682e+01
4.614447890433989130e+01
4.755068954350704047e+01
4.855163831676883746e+01
4.921835365400362150e+01
4.739910080938174275e+01
4.774276045639119559e+01
4.430260348739978582e+01
4.571323346420788170e+01
4.666826085030133697e+01
4.684618908061165143e+01
4.438330627974788456e+01
4.451334457854785853e+01
4.325799216533982161e+01
4.477832986881809063e+01
4.498878525903908354e+01
4.755149599360391477e+01
4.728897167591088646e+01
4.693449042574591346e+01
4.808568878777072086e+01
4.453681526380848510e+01
4.429466578126369569e+01
4.714732053099564268e+01
5.021233518029463028e+01
4.599279897152038643e+01
4.533432685750390334e+01
4.601624346564943124e+01
4.412178516004041029e+01
4.497518518345216165e+01
4.461563140983627562e+01
4.615176707623312780e+01
4.347759806874699962e+01
4.545846996362693915e+01
4.845806248819070561e+01
4.682838411275423596e+01
4.301553812733271087e+01
4.914289605945609907e+01
4.635685957626077425e+01
4.312236879951715451e+01
4.487002191094372705e+01
4.739989770526420187e+01
4.487027204003183556e+01
4.412779115352107340e+01
4.877151053955147120e+01
4.387474606526340892e+01
4.602295500164239428e+01
4.644618059669515020e+01
4.501978899445745697e+01
4.379335537515353138e+01
4.582076751276024140e+01
4.377936116107062503e+01
4.629024439049806716e+01
4.927780855051521058e+01
4.732698207436858695e+01
4.738350474617166697e+01
4.584227308450660843e+01
4.135357755824981041e+01
4.644282227258532458e+01
4.619468156022542615e+01
4.354293238594976145e+01
4.458329794636266286e+01
4.395895066668737883e+01
4.479880030505714927e+01
4.473448054954799602e+01
4.453341354099789129e+01
4.344368444368569726e+01
4.464714388023863023e+01
4.521930655750339412e+01
4.822362695935999710e+01
4.553942907298448262e+01
4.946192926960802794e+01
4.791455379840737550e+01
4.733311085115321504e+01
4.420612900094567266e+01
4.698373352453576501e+01
4.714432039597893009e+01
4.587074354359563699e+01
4.930590827261842435e+01
4.720072582062315547e+01
4.817708237084135448e+01
4.592550191506094137e+01
4.694778578548380921e+01
4.473042339361103359e+01
4.497279532774729915e+01
4.610030663198104861e+01
4.617129460529482543e+01
4.751142219854916249e+01
4.499007410976437882e+01
4.608205056269846267e+01
4.476716545043220208e+01
4.819576153972506205e+01
4.508844543039877095e+01
4.906898725161667585e+01
4.739174602176652229e+01
4.632811503794930275e+01
4.591149699616056523e+01
4.741001591245556313e+01
4.683387822023603064e+01
4.686077817740169849e+01
4.866889277027226512e+01
4.846060590438926141e+01
4.658133346452297019e+01
4.736162653040219084e+01
4.714891895275816580e+01
4.690963322137723424e+01
4.756161334478913716e+01
4.755651481265464042e+01
4.528533008102819934e+01
4.669350686042054122e+01
4.534587003787962090e+01
4.694403192952233184e+01
4.814469487080489785e+01
4.621429260159726482e+01
4.979028687845224965e+01
4.991398368465209501e+01
4.800370139623192500e+01
4.952236424592313568e+01
4.538545041667333635e+01
4.523159062217230542e+01
4.814376231278899354e+01
4.531519150267393314e+01
4.739318674384490748e+01
4.894725176321885840e+01
4.900915634253127706e+01
4.756798130771715449e+01
4.783007866145450748e+01
4.655921626943052871e+01
5.025899461283010794e+01
4.704523202915197544e+01
4.618199561541141662e+01
4.971425772623867800e+01
4.554287037208381861e+01
4.513104276724075703e+01
4.815947538762249991e+01
4.815582036628573093e+01
4.603270930776652392e+01
4.431334760861506084e+01
4.881781014040383582e+01
4.638885828026698022e+01
4.642328997313741468e+01
4.583809477142667532e+01
4.768372566058424411e+01
4.749069574625016799e+01
4.536412785313530804e+01
4.534683534901588331e+01
4.541669764300761614e+01
4.819883262170620242e+01
4.416845859600731217e+01
4.591614925630452149e+01
4.436379377005962255e+01
4.991764524531389924e+01
4.769664122003108986e+01
4.806828361122098414e+01
4.586445358059368971e+01
4.866736176547299664e+01
4.502019669801122603e+01
4.395450110525573706e+01
4.686837708545689907e+01
4.312729573638708302e+01
5.014715523748573389e+01
4.509266766697805906e+01
4.666199683459430503e+01
4.786222016193155326e+01
4.851695231894444049e+01
4.641628330431804272e+01
4.856872716488510378e+01
4.742114510741898670e+01
4.693315589257092313e+01
4.710046980914512460e+01
4.925230819576062657e+01
4.849425901953750184e+01
4.780016599079577588e+01
4.642136018884366422e+01
5.306734835804230954e+01
4.869101425318405063e+01
4.743865989308152820e+01
4.857135488190477446e+01
5.004407407590062462e+01
4.685133407099818470e+01
4.639207992640824330e+01
4.634051518032204342e+01
4.936694578150835611e+01
4.788224965159066215e+01
4.940645966629633534e+01
4.972864456327074834e+01
4.541087404800137506e+01
4.593937096322983393e+01
4.819168722859657805e+01
4.929598059756024497e+01
4.956484489916968528e+01
4.811111238968105397e+01
4.783711767085663524e+01
4.789189689951285089e+01
4.862988182582466123e+01
4.731018249565207867e+01
4.830836878069533924e+01
4.782829100120683563e+01
5.002798321502167767e+01
4.765635946045593130e+01
4.896390023628869415e+01
4.705290439122452995e+01
4.794237479336951679e+01
4.733624000435327872e+01
4.615003737469221790e+01
4.928689166023568191e+01
4.622051456678094894e+01
4.655215120663377348e+01
4.897245941183975759e+01
4.650695474813210950e+01
4.928369644656579140e+01
4.681056399513888522e+01
4.335358383726575937e+01
4.891602197875656799e+01
4.752359775452942614e+01
4.649285866982424409e+01
4.916488261059323150e+01
4.748919624566766373e+01
4.783482723253696633e+01
4.582801088329078709e+01
4.682901518648368722e+01
4.638108580687895710e+01
4.535009680593229575e+01
4.629048011120832484e+01
4.556894058776748579e+01
4.687350379619939389e+01
4.860944487305577866e+01
4.690054124121000001e+01
4.651297367837646846e+01
4.586188596851745558e+01
4.710784655233416629e+01
4.890934535604642974e+01
4.740294074226810039e+01
4.580170247624814550e+01
4.794635239032250240e+01
4.755647975349139500e+01
4.896112912850239240e+01
4.860702254958312807e+01
4.754117639414862140e+01
4.898583448441038968e+01
4.653409749558996822e+01
4.594823481298519852e+01
4.840140058370612763e+01
4.659592228301249861e+01
4.720646446059272705e+01
4.593288258516054157e+01
4.674739934704477662e+01
4.656167176791664986e+01
4.685186671631016964e+01
4.944375465931369007e+01
4.819958581368990025e+01
4.577369624635383616e+01
4.622440566153934327e+01
4.769027162909989670e+01
4.650187337367579943e+01
4.781171336546067607e+01
4.606751616088754275e+01
4.732625870134529578e+01
4.662305258078419001e+01
4.722559460644274054e+01
4.573208070891251964e+01
4.604417276677548188e+01
4.721850981744345432e+01
4.960357353443263406e+01
4.697302103535538009e+01
4.914184731695556252e+01
4.327616160035137938e+01
4.789842781225177504e+01
4.836047112513640656e+01
4.888656489029488483e+01
4.494684720241077258e+01
5.054478482674490181e+01
4.851111562309581160e+01
4.876110022992931903e+01
4.788502721633357595e+01
4.610995211790977066e+01
4.557647575462792133e+01
4.857012959236852367e+01
4.936817355800656770e+01
4.719396873689824901e+01
4.788157310371474296e+01
4.381187495737165705e+01
5.057000841652337186e+01
4.806540561422512070e+01
4.695879759281989863e+01
4.740599192841824561e+01
5.039646178640214202e+01
4.996794698750127850e+01
4.691360241741180204e+01
4.884331893606292141e+01
4.693827853062479250e+01
4.680042269076029982e+01
4.943777144398570300e+01
4.547830271287462267e+01
4.911610951355267218e+01
4.983881309062527976e+01
4.826161037486018301e+01
4.498782172255565115e+01
4.611014997613308708e+01
4.521989761755282444e+01
4.842447219358210475e+01
4.755317514674011647e+01
4.970334006235631108e+01
4.592935816606845378e+01
4.679643592098886273e+01
4.700230161890037550e+01
4.833685927945130345e+01
4.793478097825968831e+01
4.701125009243684616e+01
4.709938260836152324e+01
4.766919098521876208e+01
4.730956458099503692e+01
4.881534490519069891e+01
4.775233324980597871e+01
4.931318285640244881e+01
4.919147065474028580e+01
4.730124912915776036e+01
4.744198260296918335e+01
4.782947997266064988e+01
4.688539552911257147e+01
5.117923161744867855e+01
4.744556591151100378e+01
5.050070814167144562e+01
4.618281846399964508e+01
4.959723310604582025e+01
5.056063069516083175e+01
4.698666121593942790e+01
4.631863357014256621e+01
4.849245308998344939e+01
4.857523681089853085e+01
4.645463848624392966e+01
4.756810224567030332e+01
4.788653515263263927e+01
5.028662042255581355e+01
5.032139198584115292e+01
4.886747317176378402e+01
4.947261523536944594e+01
4.871985688126775926e+01
4.941148744241186108e+01
4.788346623748016384e+01
4.849330559933734719e+01
4.759002399571354402e+01
5.027620863234407977e+01
4.755944679905934436e+01
5.014434951265558738e+01
5.013778512554021205e+01
4.849961721597277631e+01
4.789324889294120879e+01
4.922886004741130961e+01
4.774054845299871630e+01
4.778601378830878588e+01
4.923788379730758891e+01
4.695709545774254678e+01
4.601835156525697812e+01
4.643973475853242405e+01
4.884767324976718328e+01
4.895002104207056703e+01
4.699169031135849650e+01
4.903404921403411976e+01
4.920285429447542924e+01
4.982064073863430309e+01
4.844600595339579030e+01
4.594675565862861788e+01
4.861772994197275466e+01
4.966913239293491955e+01
4.706964752493495041e+01
4.534646932851078560e+01
5.059227329467462653e+01
4.801708837469296043e+01
4.895394935914471546e+01
4.754545704544147355e+01
4.993362791293606051e+01
4.966025170540032718e+01
4.765524872251350530e+01
4.767166369636213119e+01
4.824969533692385681e+01
4.842220906744893227e+01
4.862232426084661796e+01
4.922205291921468273e+01
4.854341167912826904e+01
4.745723570185226237e+01
4.822304956124172293e+01
4.949422630057421202e+01
4.766077383913405185e+01
4.826770467316909929e+01
4.923528077278993464e+01
5.010121270259514858e+01
4.716119676019193463e+01
4.868364673668546772e+01
4.829005040452678088e+01
4.973132813338614255e+01
4.780383528484702538e+01
4.381460216244676076e+01
4.955460335857623022e+01
4.861916459190879181e+01
4.901817030803681519e+01
