4.722117763024204495e-01
5.359098026212983923e-01
4.562310496087336742e-01
3.720142633696495449e-01
2.824568714634086986e-01
1.766505470051520921e-01
1.687157240678169579e-01
1.880140811536168965e-01
2.924026409233135282e-01
4.308322309832325891e-01
4.397684274151006933e-01
5.076504309055773767e-01
5.098306241691225038e-01
5.961388987123436012e-01
6.558459187504358523e-01
7.884580216658291230e-01
8.608772159594001439e-01
8.595546481592565291e-01
8.766448019423420668e-01
8.928446655782509289e-01
9.086021718640726608e-01
9.058738318222739894e-01
8.689854841434195842e-01
8.584800308201421259e-01
8.876684698656259753e-01
8.539173839561914336e-01
8.315660752837885639e-01
8.176287376912063642e-01
7.556737028525654098e-01
7.898642876323921369e-01
7.281648686156825256e-01
7.327680906110832781e-01
6.529548611724256268e-01
6.669765832867143862e-01
6.035988162406289437e-01
6.113706698129013350e-01
5.616076855815803626e-01
5.483111208454128915e-01
4.805189681676224622e-01
5.081176736916929171e-01
4.991535520607527365e-01
4.920328179781555678e-01
5.072126840525544855e-01
5.125300212180993187e-01
5.478497327042819443e-01
5.822238829357384571e-01
5.532502588527021814e-01
5.587700059107649775e-01
4.688224409666031378e-01
5.683875343358385512e-01
5.081373611071235974e-01
4.688672057759628586e-01
5.183623635047104328e-01
4.828158819950656988e-01
4.860450970910032975e-01
5.152661636012416668e-01
5.179549930654731016e-01
4.556998048000053814e-01
4.805529456261147248e-01
5.003281899295578539e-01
4.453157404514044293e-01
4.728405143734532579e-01
3.954711366966823238e-01
4.050225176899476254e-01
4.172549225281773078e-01
3.727815072135435837e-01
3.742292159472975777e-01
3.569416609380370309e-01
3.784220211610802576e-01
3.518730034014552754e-01
3.815611545581051312e-01
3.788867813856244271e-01
4.626893288085190403e-01
4.576135301023666613e-01
4.289526281982960487e-01
4.707651549551121750e-01
4.022969201706145803e-01
4.550948460970395959e-01
4.208342854348752771e-01
4.993841182271351320e-01
4.031259779293872025e-01
4.654911092904337466e-01
3.866922693289903679e-01
4.673724644483535084e-01
4.303298563292897172e-01
4.425696970798566054e-01
4.308967175132456529e-01
4.244246265518117345e-01
3.395240424505343024e-01
3.925548930153007765e-01
4.176284744774852453e-01
4.016011214959992470e-01
4.083984963002260660e-01
3.777204029014200604e-01
4.041496198395353456e-01
3.793870905474421296e-01
4.524618365260367758e-01
4.127870559618193602e-01
4.262257581012496854e-01
3.978336437452266727e-01
4.329673423076989547e-01
3.730850804156867762e-01
4.005786684355245875e-01
3.708645213907912908e-01
3.696254946330314595e-01
4.045562951606652136e-01
3.663878082271851411e-01
3.972811402914436241e-01
3.992327297121947560e-01
3.822775376648726020e-01
3.989329498694892395e-01
3.456303130449602246e-01
3.431033844259436250e-01
3.382462952124706268e-01
3.751688250003760161e-01
4.466562922451635109e-01
3.681435700310649595e-01
3.612890494853007173e-01
3.562608828735555067e-01
4.030818600737648416e-01
3.850815010388582427e-01
3.488798403245670920e-01
3.073081925227685307e-01
3.283445185791208365e-01
3.494458563633429105e-01
3.915131970432467745e-01
3.687073497416085144e-01
3.834338734889749523e-01
3.774408179757090531e-01
4.164151551974468179e-01
3.770877326070325997e-01
3.853024602718786440e-01
4.036044817388624861e-01
3.787920887819398730e-01
3.698717987068920188e-01
4.074882346799688637e-01
4.488858842986949149e-01
4.236723008263627022e-01
4.188556606736600907e-01
4.001993473411385449e-01
3.897501781367075924e-01
4.448577646985962253e-01
4.672303852675445124e-01
4.221817273194703457e-01
3.988792079626130582e-01
3.610905979811568911e-01
3.688647931875923547e-01
3.955824764386690617e-01
3.319061030980392513e-01
3.588203876703747741e-01
3.790024756519568272e-01
3.763466721552371497e-01
3.578052804233072259e-01
3.805649650987643073e-01
3.932082146737049810e-01
3.904254362965373648e-01
3.237120721492356412e-01
3.457110957657726358e-01
3.966114061844935312e-01
3.887389524771978078e-01
3.721542369905678771e-01
3.643995125536777513e-01
3.533860489408152672e-01
3.736797856686901453e-01
3.780760318108392637e-01
3.898150618823820190e-01
3.669076603047376484e-01
3.616806933040309091e-01
3.502701353009131102e-01
3.676873736853492058e-01
3.904795343460594204e-01
3.769383668127669895e-01
3.888711306095716247e-01
4.009751675952695216e-01
3.863423555853468527e-01
3.792689674023839719e-01
3.254128751541536801e-01
3.440186133155698767e-01
4.023272330172911748e-01
3.723296345981660371e-01
3.701925480368704058e-01
3.949729575948588423e-01
3.674001505238947418e-01
3.703823199388699416e-01
3.601567769626821125e-01
3.453868644969949608e-01
3.616206857111325390e-01
3.566991367281259762e-01
3.797847240866428220e-01
4.007109502157003011e-01
3.987131758721891850e-01
3.491740348186260778e-01
3.702641392466770598e-01
3.730628110671142528e-01
3.888784653453392082e-01
3.792930734568083495e-01
3.819875239734834560e-01
4.131034843760547082e-01
3.575489613345607665e-01
3.712652846303323706e-01
3.847429649554027220e-01
3.575742948679130895e-01
3.928455052840737483e-01
4.102099370858823812e-01
3.919177403790071179e-01
3.941397540153925294e-01
4.079728940757801903e-01
4.091932515980815088e-01
3.653460693754601030e-01
3.534850663606878274e-01
3.867158519879956291e-01
3.957511066960535118e-01
4.078570721144001987e-01
3.772966980358714029e-01
3.781397261566402102e-01
3.798075802448190319e-01
4.094694970972100334e-01
3.988698489148754245e-01
4.102439790645213691e-01
4.033718289062862006e-01
3.628639862596306775e-01
3.962436197890204514e-01
3.862328521878490850e-01
4.060989254055811237e-01
4.045646844153020782e-01
4.104832494055900560e-01
3.971434663139640220e-01
4.153120380173800363e-01
4.184669783854541025e-01
3.645843190749906149e-01
3.615056728078148707e-01
3.396068325808493382e-01
3.640017104776720469e-01
3.887865162411240916e-01
4.154578258139247082e-01
3.768366860304985799e-01
4.193012791259153049e-01
3.577969777005172158e-01
3.779391666952017781e-01
3.712604822261857396e-01
3.896530531155971699e-01
3.812350543686000015e-01
3.572722147426028450e-01
3.897900881719507105e-01
3.323235685777223281e-01
3.596512724166465169e-01
3.356794937453439487e-01
3.516212913051161015e-01
3.576204897922596881e-01
3.834704192318505456e-01
3.802922916192358893e-01
3.629880882797252850e-01
3.722970078516615877e-01
3.634322990423323185e-01
3.668293929213330973e-01
3.754160657342597851e-01
3.397396755279217251e-01
3.722769317529451838e-01
3.493313160417828023e-01
3.345163733805546769e-01
3.501113327024678035e-01
3.773077543425443769e-01
3.748543874373275187e-01
3.290683802323169926e-01
3.237481226438079784e-01
3.183614644226901436e-01
3.460076885896301024e-01
3.515681769212278818e-01
3.412951085451572109e-01
3.563176469024211257e-01
3.342461053734643306e-01
3.271502356058750283e-01
3.687515360174138945e-01
3.447632035175696719e-01
3.435493871082311856e-01
3.809092389584607385e-01
3.854615999765740320e-01
3.414283956876770776e-01
3.330339021632354179e-01
3.538322821516982075e-01
3.804532630401106230e-01
4.010602967543503428e-01
3.984724344861326761e-01
4.048560810843189750e-01
3.789683725147877658e-01
3.712905521577742896e-01
3.752654855339354056e-01
4.048157261184905376e-01
4.058273391167548927e-01
4.120075673810044692e-01
4.210849274576085599e-01
4.111437049568071878e-01
4.209792706303459031e-01
4.216141929926942589e-01
4.121712316416554778e-01
3.926580891607556190e-01
3.709518767190390642e-01
3.955746689538128802e-01
3.582373717860501960e-01
3.425019397762561479e-01
3.459625560226796681e-01
3.673885463561007425e-01
3.745514610566501035e-01
3.471625448518199653e-01
3.551621322017072813e-01
3.575312015529694687e-01
3.543819699395150957e-01
3.283631306980286380e-01
3.759991609662498013e-01
3.748216365020449747e-01
3.474278602592478782e-01
3.470708570635339107e-01
3.877560745314699853e-01
3.936663880230764634e-01
3.993586169308684375e-01
3.713432308553865635e-01
3.825537884993950311e-01
3.778316402764294590e-01
3.795779040826347539e-01
3.752138050389269286e-01
3.526451990166479256e-01
3.754911244338212661e-01
3.586364987064757925e-01
3.812449771229245443e-01
3.672955143576027148e-01
3.695525856299422540e-01
3.526263490963026381e-01
3.614603514973669940e-01
3.614737950752378026e-01
3.318632499636312017e-01
3.552479022579626000e-01
3.805477453334192850e-01
3.607606357007389630e-01
3.642133745914744036e-01
3.482320275913062257e-01
3.619827156472483209e-01
3.596193120119045017e-01
3.740034267999194917e-01
3.556366545066296236e-01
3.821600722467169420e-01
3.560232654136354369e-01
3.706967831568933613e-01
3.675924240403998788e-01
3.310260354923792447e-01
3.294844846136513183e-01
3.764842846736634607e-01
4.175937205818509579e-01
3.994009639774082632e-01
3.744656291946828475e-01
3.865325465281091444e-01
3.610245662936220623e-01
3.898047707428148878e-01
3.712318145482866871e-01
3.743507082548242493e-01
3.733370760795828303e-01
3.773022438703273473e-01
3.721135121915070121e-01
3.608313004873976992e-01
3.856976840970149367e-01
3.781542936094018370e-01
3.816436757093752408e-01
3.701743751921267034e-01
3.522244932621065860e-01
3.784394703155856132e-01
3.726891364934237783e-01
3.666768802319055887e-01
3.703457907103346880e-01
3.565890258099909671e-01
3.789013443922971680e-01
3.730242127649953665e-01
3.815316847352170915e-01
3.719352373003798062e-01
3.774567418480330727e-01
3.682408250625981427e-01
3.915149176428101008e-01
3.766028725054802462e-01
3.726476839696826193e-01
3.775394747252438510e-01
3.812250495089727353e-01
3.737047491462985871e-01
3.816182945204406596e-01
3.769633381153926766e-01
3.811411107787069374e-01
3.794581485009140276e-01
3.725658736754048905e-01
3.843994905926489958e-01
3.696631947185164968e-01
3.715459531470729493e-01
3.691985492080043230e-01
3.654856075038692698e-01
3.652259153383276558e-01
3.818880877396973461e-01
3.711256371171051671e-01
3.660651182104681656e-01
3.682709487573078699e-01
3.800724622729521052e-01
3.799807144612583620e-01
3.796462477168859317e-01
3.693925474483004678e-01
3.728892733849388241e-01
3.684960900805469008e-01
3.769839809729627067e-01
3.763048794530661212e-01
3.725893324944652973e-01
3.688651693000173926e-01
3.704023358227235274e-01
3.832228057849058622e-01
3.759620647118274706e-01
3.743597828056557941e-01
3.709026967715429168e-01
3.712078670848443229e-01
3.727800377305846569e-01
3.773807408587033785e-01
3.690025270939304991e-01
3.779341149693995483e-01
3.782207869509157105e-01
3.782387509253665181e-01
3.735485724910401206e-01
3.767821144309793646e-01
3.785626551368744819e-01
3.733238630923402246e-01
3.722973120700034944e-01
3.755006141262083319e-01
3.683031319055276032e-01
3.706564748231738760e-01
3.806970346831942686e-01
3.735782360362704946e-01
3.711106188924139793e-01
3.692112144592540335e-01
3.733035316080639543e-01
3.763823714834844680e-01
3.769337333983275307e-01
3.750329483468854419e-01
3.784076885170465920e-01
3.731841529107417510e-01
3.702143986033918366e-01
3.731358236900926828e-01
3.741134374651565730e-01
3.711725573111185894e-01
3.719262136355977466e-01
3.792077194624211001e-01
3.711333096555470279e-01
3.796644406232457802e-01
3.767565621628584660e-01
3.792080929680852752e-01
3.774497842968927430e-01
3.718617310834000933e-01
3.749873902264049264e-01
3.713614498011771903e-01
3.737041858895455704e-01
3.757840015856518945e-01
3.730476282664312304e-01
3.758489076050908761e-01
3.729300149923545082e-01
3.746052917713321717e-01
3.732319823163781081e-01
3.750524574720860982e-01
3.686438344501610787e-01
3.786878020394237598e-01
3.741059409267158964e-01
3.709000213506435939e-01
3.725531410515541819e-01
3.723084923801310842e-01
3.761626910070451357e-01
3.732344067869506898e-01
3.758522323450194103e-01
3.761233406482709096e-01
3.739129530776448829e-01
3.749015333984740961e-01
3.759288402164129850e-01
3.759682814169256204e-01
3.761537974487976221e-01
3.733950576476831040e-01
3.753084648644915422e-01
3.736892319438944732e-01
3.763714384859273565e-01
3.774015265454764845e-01
3.754478097330725683e-01
3.740392052285107516e-01
3.747567358252888448e-01
3.753757050541580154e-01
3.749079332158996025e-01
3.734173008083586098e-01
3.742353282556583616e-01
3.734449969796669877e-01
3.746764022770104896e-01
3.761010434526401158e-01
3.743745138237213887e-01
3.740183882556330497e-01
3.750078194167089651e-01
3.753054880882345512e-01
3.745315720086806466e-01
3.746959269988851537e-01
3.751541263553707650e-01
3.745448137115242604e-01
3.743774350086617742e-01
3.747368153752386744e-01
3.745450513941570581e-01
3.749951607798678310e-01
3.747052322398878310e-01
