-9.993211545834279619e-01
-9.825116527281743117e-01
-1.718330297927009864e+00
-8.695138375626645377e-01
-1.665940366439601306e+00
-2.583503995463051428e+00
-4.452723868276163621e+00
-4.577292515345092738e+00
-6.670596147805223808e+00
-5.672626598564810330e+00
-5.334134723151962909e+00
-3.112058734707470187e+00
-1.370199584589241848e+00
-1.115355996425775986e+00
-9.816442375239787799e-01
-8.313704289274420622e-01
-9.627145297019663595e-01
-9.293748558250388703e-01
-1.198631308201201229e+00
-8.046409115900314823e-01
-1.067010394459318778e+00
-9.049559903567326868e-01
-9.131621911834189032e-01
-8.170319596536829154e-01
-1.082432239931886420e+00
-7.745561860769890616e-01
-9.225771903474573321e-01
-9.669114134584942954e-01
-1.203371474994330947e+00
-1.087465824595989616e+00
-7.121976177634032901e-01
-8.427670761914556330e-01
-1.012739041278128971e+00
-8.540692882329804503e-01
-1.167738473955635570e+00
-1.006934795920845671e+00
-6.224913192212174762e-01
-1.106768046577565778e+00
-1.298801728381528964e+00
-1.644461187989201489e+00
-1.135764099017943396e+00
-8.241682193711564741e-01
-1.868274953582312659e+00
-1.142882587957553486e+00
-1.159769874853259664e+00
-2.208133714406464332e+00
-1.831810429786476124e+00
-1.833378056405742695e+00
-1.953384369057993730e+00
-2.396489524371299584e+00
-2.202955486637837801e+00
-1.408504592101684549e+00
-1.977281734036023142e+00
-1.911670125133850595e+00
-1.901125604155266435e+00
-1.103405101013305023e+00
-1.971268049906579112e+00
-1.706688282807851564e+00
-1.356204921497268234e+00
-1.747922418086702789e+00
-1.509875856955359197e+00
-2.026565241941327589e+00
-2.440482639266066567e+00
-1.841199437769658331e+00
-2.037483228617460451e+00
-1.796764531799388553e+00
-1.904092716859498768e+00
-1.542482479160639519e+00
-1.573110735156049822e+00
-2.026237585219227810e+00
-1.314317914326185166e+00
-2.533400396124340759e+00
-1.855948267091842130e+00
-1.914481328364849633e+00
-1.439403859307709643e+00
-2.390559464601871742e+00
-1.573627392938188319e+00
-1.335092825640646463e+00
-1.527239103601006009e+00
-2.589491577581452653e+00
-1.647916056451104838e+00
-2.182191660151949986e+00
-1.698957897127642225e+00
-1.452364336102899056e+00
-1.832565120741916687e+00
-2.423170157960104376e+00
-1.461475534543958510e+00
-1.878940393690281763e+00
-1.692070893245841701e+00
-2.182433628534143022e+00
-2.874283375160595178e+00
-1.880403504295552697e+00
-1.068457861180723834e+00
-2.573092406318587155e+00
-2.466630721926403869e+00
-1.927525069187101980e+00
-2.933921820520522861e+00
-2.068366759643465169e+00
-1.909164070783753386e+00
-2.183566987486766919e+00
-1.335902130510891350e+00
-1.799017680092465765e+00
-1.685209250353786103e+00
-1.891380318373379721e+00
-1.894124725205841520e+00
-2.644844859943288995e+00
-2.529588190297554551e+00
-2.745005640193413754e+00
-2.855759764922074950e+00
-2.996824305592864945e+00
-2.044447804437609317e+00
-1.807805283157759124e+00
-2.041998371327360839e+00
-2.196189602374813976e+00
-1.271794693896265649e+00
-1.655304588661607568e+00
-2.127604049472550329e+00
-1.735879625455411635e+00
-1.521630653032592040e+00
-1.818836477554347741e+00
-1.640690055526659474e+00
-1.493231710713016636e+00
-1.396396994956550675e+00
-1.030998919786284773e+00
-2.025843320014759197e+00
-1.786387910892210940e+00
-1.989261028136078524e+00
-1.985855688299847710e+00
-1.219685834334377939e+00
-1.313531577066597178e+00
-1.627529251872622984e+00
-1.698109635001173734e+00
-1.102032304999814194e+00
-1.017723502436828298e+00
-1.546740066528683677e+00
-1.858966052609267283e+00
-1.513517993781261062e+00
-1.517199601937391451e+00
-1.827913702227756065e+00
-1.929114403784902843e+00
-1.769869858425317188e+00
-1.031765376365607167e+00
-1.109053120646995794e+00
-1.558556733361017743e+00
-1.255109601876478465e+00
-1.529018869825431670e+00
-1.345862174389073296e+00
-1.020807304905313906e+00
-1.136065464522769908e+00
-1.570926398636154131e+00
-1.339015051300228576e+00
-8.396598712288878552e-01
-7.591491287904369445e-01
-8.441171291160760592e-01
-1.604563860872351810e+00
-1.304835750218702461e+00
-1.418524931186414317e+00
-1.223208594664888516e+00
-1.144325105047841795e+00
-1.279101869198869590e+00
-1.602544349841557469e+00
-1.464516561096050218e+00
-1.025981749865175541e+00
-1.023517958631383618e+00
-1.063191645288755982e+00
-6.241746047820225796e-01
-1.381614161885467817e+00
-1.701639542123342785e+00
-1.101109411665568416e+00
-1.024491251340217790e+00
-8.067581404958051872e-01
-1.962294411420784757e+00
-8.700767681085365135e-01
-1.172992003947799233e+00
-9.592637128787732115e-01
-1.322175131420000094e+00
-1.348789029220041069e+00
-1.205034290508738115e+00
-1.067178743302997779e+00
-1.453809504874061798e+00
-7.825355747816109542e-01
-1.046663832005487960e+00
-1.113802291035336012e+00
-1.237724909833287423e+00
-8.243083312457804013e-01
-1.088453130421034309e+00
-1.693811233308379904e+00
-7.154868718773506053e-01
-8.963548804438665751e-01
-2.202566864053083329e+00
-9.160296397657551326e-01
-5.574725442635329875e-01
-1.150103889651781452e+00
-1.100522043004811712e+00
-7.852589273607836207e-01
-1.143912422010960439e+00
-7.338450455434061270e-01
-1.085345477380775581e+00
-1.153841336981505261e+00
-1.005095743959686816e+00
-1.018132986980690102e+00
-6.968511826414501842e-01
-1.140919081473260155e+00
-1.133830702019246850e+00
-1.398156650553388225e+00
-1.118049616496696430e+00
-1.066007550660969416e+00
-9.313964101198513035e-01
-1.533226883423528752e+00
-9.682983283424231313e-01
-1.216670682858585373e+00
-1.208443482044927242e+00
-1.499201695153150826e+00
-8.452788227471156324e-01
-1.135275545710590084e+00
-1.164415209323433675e+00
-1.137887736933540728e+00
-1.139976682053849721e+00
-1.479488586835371100e+00
-8.542322886974187401e-01
-7.503282076236454934e-01
-9.301936154369085941e-01
-1.011954054680392234e+00
-1.303385799128569333e+00
-1.009555072999507308e+00
-1.014699723846081758e+00
-1.259251554969566866e+00
-1.148605481854368726e+00
-1.021777702565438428e+00
-1.235111063488215200e+00
-9.197091591981155778e-01
-1.122492866034733305e+00
-6.219402532602831268e-01
-1.100288536257129079e+00
-9.531902291706536579e-01
-9.794960571719494302e-01
-6.540613630778824295e-01
-6.914327337639855076e-01
-1.442132887321022849e+00
-9.866079664986182607e-01
-7.634411539791773338e-01
-1.043589189805737671e+00
-8.649419270890977840e-01
-8.020712936875422638e-01
-1.006955679215864929e+00
-7.976194442848151267e-01
-1.570427327906966486e+00
-9.624689971096607177e-01
-8.222077829103460189e-01
-9.090745826223667336e-01
-8.265141891521813333e-01
-1.169727536216189856e+00
-8.078254589112412454e-01
-7.238511410229313547e-01
-8.456096112434664525e-01
-6.093751139442942222e-01
-5.831495080400919129e-01
-8.571747129106358498e-01
-1.086615305579227142e+00
-6.770680022734850700e-01
-7.901503960441975671e-01
-6.172580030008932850e-01
-6.859191799210018203e-01
-6.939477429444507184e-01
-6.209596250141065088e-01
-6.178111234603419488e-01
-5.104910176704713365e-01
-5.982425450052497595e-01
-5.416239483501625873e-01
-6.394367543258272502e-01
-5.542460707794121255e-01
-5.268531252376827956e-01
-5.225723209760505528e-01
-5.588812540242495963e-01
-4.885042584050682257e-01
-6.955975661172764113e-01
-7.134515829860649250e-01
-6.566262643102337426e-01
-5.481244168223781132e-01
-6.809717859088469938e-01
-8.189615428945373754e-01
-8.743624345477334359e-01
-6.168275502325191173e-01
-1.000335763959077529e+00
-1.419461937958174103e+00
-9.371166691543709737e-01
-6.728901263648271458e-01
-6.688661847774638458e-01
-7.819936818429440439e-01
-1.091890834437300173e+00
-1.105311726127579330e+00
-8.590943760313294320e-01
-7.484470699650012104e-01
-8.699570655937424180e-01
-8.535613375683759330e-01
-7.396743231927568329e-01
-8.903989696252032626e-01
-1.094556867545423140e+00
-7.689253176727841588e-01
-8.766541728241769027e-01
-8.457425603828281346e-01
-7.682490830319409492e-01
-8.883585099784454542e-01
-7.423093703008187827e-01
-6.332868034690579684e-01
-6.825221809634541836e-01
-8.765688204407993123e-01
-9.749515459968821629e-01
-8.561058702345956117e-01
-7.908154071606025015e-01
-7.980147331249770604e-01
-5.937930019275331484e-01
-5.323867568848384968e-01
-5.580880222030710769e-01
-6.796333603296181858e-01
-7.005423243987345394e-01
-5.567012107341072769e-01
-5.676475424606841624e-01
-5.748605565626688785e-01
-8.020014364615829505e-01
-6.685829949244395110e-01
-6.175204586331849432e-01
-5.711274081156408888e-01
-5.160306214366889854e-01
-6.787185118630025826e-01
-6.876879424876432001e-01
-9.586105242076337074e-01
-5.979784695114038762e-01
-5.920394013652096055e-01
-6.513117923760024519e-01
-5.929617844053626241e-01
-5.538311005827442068e-01
-5.478635950296383283e-01
-6.222987730294834430e-01
-6.108007725248915110e-01
-6.179982622612425480e-01
-6.871199293177835399e-01
-7.102033430100626044e-01
-5.153060055068739986e-01
-5.825855141601725684e-01
-6.362610466234271955e-01
-6.089840930298063837e-01
-6.656469452493444239e-01
-8.024750126697215435e-01
-6.591166897604416874e-01
-7.299378076305121921e-01
-7.526456737322787527e-01
-5.162146455536322787e-01
-6.319260506145591982e-01
-7.649004918443388368e-01
-5.710495387724885408e-01
-6.078618669130739782e-01
-6.092401522385375578e-01
-5.785822525091762758e-01
-6.427094121651698577e-01
-6.200334758456879092e-01
-7.702387903848805228e-01
-6.157033197215135978e-01
-6.103808678743172234e-01
-7.008286785706235866e-01
-5.603060761687690405e-01
-6.752909575607113357e-01
-5.792005740217613941e-01
-5.570517276971500564e-01
-6.034885733642313399e-01
-6.041961581364910794e-01
-6.521076947076239749e-01
-6.169086303629032209e-01
-5.575607191664860851e-01
-6.520079982275902575e-01
-5.327959265821911039e-01
-5.582740066558704584e-01
-5.828518152285906417e-01
-5.346796791149815986e-01
-5.340500224194036916e-01
-5.657295165209703658e-01
-5.342387191605925123e-01
-5.382676101735693885e-01
-5.385452966985215806e-01
-5.197293910847559095e-01
-6.028895367177028453e-01
-5.790956697369338269e-01
-6.230146245826018170e-01
-4.929388417848719617e-01
-5.219882756114866407e-01
-6.262941504637866696e-01
-5.124325236241591419e-01
-6.241571848490791163e-01
-5.573177522429110242e-01
-5.404835987839018419e-01
-6.082657467753636027e-01
-4.629760044794115070e-01
-5.318479081351572546e-01
-5.295420414188017899e-01
-5.115426445389299470e-01
-5.252466481579812774e-01
-4.647481440621870630e-01
-5.132820969924731802e-01
-4.704941635935666056e-01
-4.635305097152395692e-01
-5.084591493761777548e-01
-5.570696209189320847e-01
-5.317050134551740692e-01
-4.634315136278058800e-01
-4.636040139706482099e-01
-6.032165320629075955e-01
-4.608392953180866503e-01
-4.861439453466434024e-01
-5.069664451927691218e-01
-5.574465222856016533e-01
-4.928967223015450760e-01
-5.101886929646273217e-01
-4.603081381805160799e-01
-4.833561682992534858e-01
-4.885244872424185925e-01
-4.848288862165350821e-01
-5.064538707937630280e-01
-4.623554054404117042e-01
-4.643374135255061153e-01
-4.617505271924333132e-01
-5.289906326459276054e-01
-4.611053746408347864e-01
-4.590762626691206050e-01
-4.814553540408367249e-01
-4.592996551359012636e-01
-5.276959629781581285e-01
-5.052087927452746374e-01
-4.630465530979606670e-01
-4.616337479196217508e-01
-4.806422116846908454e-01
-4.851539493622308297e-01
-4.612302429469859466e-01
-4.655819547504065348e-01
-4.628627713854653880e-01
-5.032119296903321271e-01
-4.602320485512604864e-01
-4.590968899621408195e-01
-4.600443635888810667e-01
-4.598674139101971980e-01
-4.607042100126206297e-01
-4.575150925153101400e-01
-4.578896778220294395e-01
-4.575625979401137799e-01
-4.585451417775962546e-01
-4.587876230308964853e-01
-4.578056796587463007e-01
-4.578362342649781036e-01
-4.576706607693901696e-01
-4.535534378912114972e-01
-4.602613455694299360e-01
-4.561681679435979353e-01
-4.553534181649934176e-01
-4.568668424033163755e-01
-4.555557075158316316e-01
-4.510962750866624460e-01
-4.540377161710933418e-01
-4.549857014842888514e-01
-4.538656156235931771e-01
-4.550794212218645107e-01
-4.507852785753345692e-01
-4.527481698114652064e-01
-4.526485988109385517e-01
-4.520217725674895437e-01
-4.528489419741994482e-01
-4.517077853194647608e-01
-4.527177875680306052e-01
-4.541908240326981150e-01
-4.523240807523699614e-01
-4.498114242103105065e-01
-4.492959689700631309e-01
-4.505415069840738584e-01
-4.478549226277835360e-01
-4.482955095468358908e-01
-4.480744416438588451e-01
-4.486645191924817921e-01
-4.488151925985752189e-01
-4.487129046529256815e-01
-4.496315764926280267e-01
-4.484872324380166364e-01
-4.472751073247177023e-01
-4.471812157646400943e-01
-4.467148152324080246e-01
-4.464205565340371717e-01
-4.461306252089217161e-01
-4.461202051622076836e-01
-4.455790602037585924e-01
-4.467516839137243845e-01
-4.447108031300512909e-01
-4.461300396298115145e-01
-4.456725938241295482e-01
-4.467502660576780360e-01
-4.455820412364420169e-01
-4.453533019299518170e-01
-4.459427906368971239e-01
-4.458852240483041629e-01
-4.461475815844513360e-01
-4.448983937967787572e-01
-4.456087453941336429e-01
-4.459461189694464145e-01
-4.456907038498824636e-01
