-1.224770553540341034e+00
-1.244350630690251425e+00
-1.226646696855105301e+00
-1.226903752092062483e+00
-1.208155422014598912e+00
-1.127259667626355322e+00
-1.125066330547292770e+00
-1.068715570192083186e+00
-1.073894754686021802e+00
-1.107197056047566353e+00
-9.306367362528963350e-01
-1.090578974969550030e+00
-9.122574492202837337e-01
-9.075900702771185768e-01
-9.105306223096510942e-01
-9.084824031245912757e-01
-8.110867456130332886e-01
-8.486270529231672022e-01
-6.672731980631775306e-01
-7.688710623384669152e-01
-6.697450264028447231e-01
-7.116530737051995903e-01
-7.520021363876777665e-01
-6.534585201849221203e-01
-6.892462842361548603e-01
-7.331380276747756497e-01
-8.538360146295981279e-01
-5.895195434215255714e-01
-7.357095885167150850e-01
-7.308073714040701496e-01
-7.943395909549315625e-01
-6.148947034080304297e-01
-5.940309883817558312e-01
-6.988805747595194795e-01
-5.533186832003166300e-01
-6.332823535289969774e-01
-6.975741018074033128e-01
-4.904773556497266096e-01
-5.484030276625347922e-01
-6.324297531905047620e-01
-5.108299812876694324e-01
-5.928289115231790696e-01
-5.531343836153658211e-01
-5.536777546736740829e-01
-5.745374176896910212e-01
-4.968903664385110330e-01
-5.580879999689382087e-01
-6.587713920656018685e-01
-5.771005975308306502e-01
-5.386624262024188869e-01
-5.587727371723718583e-01
-5.118986734799938487e-01
-4.739068195055612942e-01
-5.760831226254066184e-01
-5.371081743778844952e-01
-5.149952672484023886e-01
-4.971448307151900559e-01
-5.122620088798259808e-01
-5.949035939649612859e-01
-5.160706869276345810e-01
-4.948802444961651892e-01
-5.352033690467370430e-01
-5.950655532267243863e-01
-5.945967675558133658e-01
-5.743904124843336456e-01
-5.751161365261713287e-01
-4.960464568437110144e-01
-6.776657754590267313e-01
-6.149065272169592644e-01
-5.718449239773927273e-01
-6.169794935772974220e-01
-7.556111370155396134e-01
-8.018912558731871032e-01
-6.351625323743506080e-01
-8.081378756459034474e-01
-8.959415949330660212e-01
-5.522033602478767511e-01
-7.328883379247506102e-01
-7.099025211231131394e-01
-9.554022946379931991e-01
-9.719573259705042156e-01
-9.793974694631728539e-01
-7.333690046266713169e-01
-8.481864222456966251e-01
-6.923044545961589691e-01
-7.300203682030038665e-01
-9.365484587639862912e-01
-7.336000767373088705e-01
-7.353664224620090062e-01
-8.162188655754123445e-01
-8.723719607335770343e-01
-6.915174842857966242e-01
-7.713374585888982393e-01
-7.297283324927466008e-01
-6.544564592685111482e-01
-8.963441933095737113e-01
-7.967460649402055006e-01
-7.930011819136799645e-01
-6.516852794401897242e-01
-7.724616363245773165e-01
-7.519188606558819821e-01
-7.328837112470024673e-01
-5.698435385638809247e-01
-8.345462150815228242e-01
-7.144682377530230388e-01
-7.067409494541569970e-01
-8.761140349953432382e-01
-7.724851153742016141e-01
-5.721348513245989587e-01
-9.312798975517445621e-01
-6.574223056442929369e-01
-7.554294673048090880e-01
-7.969442000151572003e-01
-6.387193065644244383e-01
-6.351804936026520521e-01
-6.753435720447320545e-01
-5.558825861663785339e-01
-5.979272916213457245e-01
-5.148637022760346182e-01
-6.308170150398014764e-01
-5.959238558146976450e-01
-5.767347794178412368e-01
-6.187264238895257007e-01
-7.153880978130167101e-01
-5.354718974047123492e-01
-6.147914974438269953e-01
-6.192432086911678901e-01
-5.983764192539472448e-01
-6.792476843734790437e-01
-7.005363043791723587e-01
-5.772614157205793184e-01
-5.354557611167823916e-01
-4.959383629918673320e-01
-5.583148885866171529e-01
-5.581744511569174394e-01
-5.977172488374045134e-01
-6.166765313253067538e-01
-6.947472991321407276e-01
-5.986821996454888550e-01
-5.987267485996882188e-01
-5.966690006682320302e-01
-7.195567839978802560e-01
-5.170289466642691290e-01
-6.181692194984195199e-01
-5.555311253105631453e-01
-5.798203398902783690e-01
-6.354906567091876957e-01
-5.751044366922735129e-01
-5.984325722605772224e-01
-5.548816584113162031e-01
-6.365996352568268346e-01
-4.735359376595890679e-01
-5.150033806742786435e-01
-5.573615649360973423e-01
-4.986599731002321900e-01
-5.365585863441673098e-01
-4.197626673024514865e-01
-5.120718684314935487e-01
-5.763738926314501132e-01
-5.363941053724129437e-01
-5.394132291827772319e-01
-5.369293502681928842e-01
-5.557118746695671740e-01
-5.363861400425499193e-01
-5.788978830265751885e-01
-5.373678639545635960e-01
-5.961519372136833139e-01
-5.771518678333845687e-01
-6.394819043704291772e-01
-5.203329578543445244e-01
-6.012149926789096543e-01
-4.764418094391854042e-01
-5.414880574016612824e-01
-4.755140835859530957e-01
-4.955380360929930728e-01
-4.371194940016750463e-01
-4.974546148174062155e-01
-5.154617541696504546e-01
-5.759433120881549684e-01
-5.178030213886017918e-01
-5.350832590176947123e-01
-6.968443063518902081e-01
-4.994147288363253723e-01
-4.371572556656799224e-01
-4.945482542248421098e-01
-6.159345243218420363e-01
-6.403636884559026354e-01
-5.171487007325122898e-01
-5.166198646000761396e-01
-5.370844559386972472e-01
-6.178862071522004396e-01
-4.515390193179302791e-01
-4.978576312157776407e-01
-5.809210787995102709e-01
-5.400726227907983734e-01
-5.176638571964465863e-01
-5.346572604957195995e-01
-5.288274121505146530e-01
-5.387912444952154267e-01
-5.539719175575786858e-01
-4.527605603960175307e-01
-6.141845613496509371e-01
-5.135203299954816947e-01
-5.960643145975378365e-01
-5.346461869134918610e-01
-4.927556848697791092e-01
-4.958645179884107468e-01
-5.149454430967730367e-01
-5.135342670733563653e-01
-5.192910924297762243e-01
-4.529367557493931273e-01
-5.376984733013894235e-01
-5.330218604733480969e-01
-4.725680600796388631e-01
-4.982934361792779598e-01
-3.954306391468358495e-01
-5.203833355084248602e-01
-5.534428665422369553e-01
-5.185312300663847962e-01
-4.501529335311907909e-01
-5.763196655865371332e-01
-4.923460331266655277e-01
-4.963148967494778185e-01
-6.940121994962104024e-01
-5.129302216911172385e-01
-6.767875986151713485e-01
-4.949950087148940470e-01
-4.769692104291988755e-01
-5.968945294245904254e-01
-5.151877843663832390e-01
-5.141896543551601750e-01
-4.322606279191789636e-01
-5.349797559118804058e-01
-4.087372439727641749e-01
-4.335193664306492556e-01
-5.491101222652396974e-01
-4.937494259086682158e-01
-4.522866966432760316e-01
-5.357229083244253731e-01
-5.739890483580351033e-01
-4.941983309627196452e-01
-4.110318976300393334e-01
-4.673206853211344658e-01
-5.292286771481881091e-01
-5.909066508717679689e-01
-4.087399013201309383e-01
-5.347821109007412366e-01
-5.105450983716992575e-01
-5.460219026503758677e-01
-5.930664371883467290e-01
-5.111811253129595611e-01
-4.706792163076815583e-01
-5.321291109345128723e-01
-4.754113810509709159e-01
-5.738871128553405532e-01
-5.081681626121629103e-01
-5.126311663035076904e-01
-5.519923119068945727e-01
-4.664318788394661852e-01
-4.264421968807134422e-01
-5.102493878599814181e-01
-4.491944678751326747e-01
-5.070838102002938053e-01
-5.314528616824343299e-01
-5.089534287882379049e-01
-4.886816955281498287e-01
-4.662782005734059099e-01
-5.311854068764807479e-01
-5.078807224293953038e-01
-5.084728238559182989e-01
-4.907941688422590154e-01
-5.281840229120411401e-01
-5.127225743039498518e-01
-4.824773894905932670e-01
-4.667825865234193627e-01
-4.699857232088683889e-01
-5.084917757375695402e-01
-4.245958213301064266e-01
-5.275899118949211042e-01
-5.096266184340930705e-01
-5.253851811061679422e-01
-5.715346185556035019e-01
-4.611655300034178673e-01
-5.908263657271034530e-01
-4.241594113723422543e-01
-6.073562356362922632e-01
-5.050831341157535626e-01
-4.873788812175354201e-01
-5.244710261867040479e-01
-4.694680517723348601e-01
-5.063129574570328639e-01
-5.261035638931090830e-01
-4.044455339643022729e-01
-4.485202035762057005e-01
-4.676520248073124941e-01
-3.801118970795647756e-01
-4.708641963691547194e-01
-5.095516499915255793e-01
-5.078222903044666836e-01
-5.461528531067414427e-01
-4.645343178370789916e-01
-5.057224545109655356e-01
-4.867188526287577477e-01
-4.662749987225613957e-01
-4.864280484348331712e-01
-5.064604749742159795e-01
-5.069344881730267760e-01
-5.865841755187837236e-01
-4.232516668935234483e-01
-5.874997230333264264e-01
-5.277846854994772130e-01
-5.484485520118822510e-01
-5.874665547857212955e-01
-4.848761883456863542e-01
-5.015998841633936278e-01
-5.021513497892013955e-01
-5.044172742810035803e-01
-5.260736344778391693e-01
-5.073029236988078061e-01
-4.830459151858139677e-01
-4.820438567527971507e-01
-4.873211051730708676e-01
-4.629667139499340500e-01
-4.451189902844924218e-01
-4.622121175250306080e-01
-5.854329017607714514e-01
-5.216975103895713506e-01
-5.284027702196901766e-01
-4.849003134098971435e-01
-5.429947338885396935e-01
-5.650866083604499934e-01
-6.033394844586910111e-01
-4.224808672106707408e-01
-5.486540436889927319e-01
-5.227633810298043526e-01
-4.442774179208520691e-01
-4.597871726300971074e-01
-4.032852631906908569e-01
-6.309954182681315471e-01
-4.787093752475153896e-01
-4.659389882324859178e-01
-5.035838128432335026e-01
-5.051285864544059478e-01
-5.055206607291581333e-01
-5.231312628681284993e-01
-5.470870404449563740e-01
-5.429859864780078871e-01
-5.622592128548684620e-01
-5.881122888472274379e-01
-5.032238528052753734e-01
-4.649826997313428745e-01
-4.651628762827650920e-01
-5.880895186275667541e-01
-5.056091567759025684e-01
-5.873134408474431911e-01
-4.227657378248522169e-01
-4.626099983437868546e-01
-4.474563416488499534e-01
-5.271459448593835972e-01
-6.254227010214709059e-01
-4.439044757467695557e-01
-5.414957020739483706e-01
-4.818471866688705529e-01
-4.848621055018271231e-01
-5.867953837327001265e-01
-3.834959155543324338e-01
-5.245897638752713421e-01
-5.059932586030555512e-01
-5.252703813045649373e-01
-5.256163994692365504e-01
-4.389681351125810371e-01
-4.826164877623899119e-01
-6.253962175726572870e-01
-4.824183010144987294e-01
-4.852510270350282595e-01
-5.260571853160673772e-01
-4.428438867490040454e-01
-4.637531230954106132e-01
-4.853311034529860235e-01
-5.295382172364498929e-01
-4.237112844553867497e-01
-6.282596777722436743e-01
-6.057780214840741140e-01
-5.695369083157116874e-01
-4.672955900477158142e-01
-4.018573558984749883e-01
-4.227508738142668476e-01
-5.670915391081836621e-01
-3.826250191067215867e-01
-4.680957246261748805e-01
-5.043642519778306355e-01
-4.426325743657678613e-01
-4.656341014313434279e-01
-4.640696985550180065e-01
-4.633721039514097084e-01
-4.221329771854536173e-01
-4.654594267429474352e-01
-4.253948315372366729e-01
-4.628119325657456540e-01
-5.419260889901093003e-01
-4.837951034237334969e-01
-4.448945964147326682e-01
-4.223882605476421137e-01
-4.835296562517424346e-01
-4.648296622510402210e-01
-4.446633116484464687e-01
-4.617101488276726950e-01
-5.018226540364129074e-01
-5.220792243867138360e-01
-4.834354607486670563e-01
-5.046662809683156725e-01
-4.627618025432239657e-01
-5.414153763711009315e-01
-5.204192169405004176e-01
-5.843855826066348680e-01
-4.447002748434962238e-01
-5.207702971014084303e-01
-4.218156502857011714e-01
-4.841065648184861847e-01
-5.047271319589607952e-01
-4.820522008407116532e-01
-5.236273943256416485e-01
-4.803825463633944470e-01
-3.818283546754430713e-01
-4.430010975947821783e-01
-5.013971594257659037e-01
-5.837302802820500958e-01
-4.026331319011519638e-01
-5.459965777926729658e-01
-5.065933115178603563e-01
-5.274724389987691664e-01
-4.494812640990653585e-01
-5.246859832868653317e-01
-4.631655299472305365e-01
-5.238722625694386403e-01
-4.655158862532037811e-01
-5.224231069742363287e-01
-4.631614576003797445e-01
-5.233487348634381364e-01
-4.602555893693231481e-01
-5.056261045484594652e-01
-4.453841717237733144e-01
-5.266225590867884554e-01
-4.901517295105271010e-01
-4.866148718874624413e-01
-4.024964644242519096e-01
-4.462641927804312236e-01
-4.639875555474003987e-01
-4.847666899703898524e-01
-4.791724564013346566e-01
-4.248796040710316468e-01
-4.632319565473372314e-01
-5.258132313722087003e-01
-5.670054224128282527e-01
-4.634500038537163191e-01
-5.275501019844675010e-01
-5.437117075157895663e-01
-4.633348178676719442e-01
-5.447684511911378147e-01
-4.838968237942080641e-01
-4.661730256143096218e-01
-4.236668463381187411e-01
-5.449449774313780415e-01
-4.835159959321295164e-01
-5.471103371364098855e-01
-5.091980102378471651e-01
-4.844231243617321825e-01
-4.839177884368080496e-01
-4.208965122983854279e-01
-4.840536860866024860e-01
-4.832397025684737613e-01
-4.448540062615907176e-01
-5.657124666672166402e-01
-4.664640502347364159e-01
-5.617037022409433478e-01
-4.037989583268891125e-01
-4.036773714563250959e-01
-4.842220482140247584e-01
-6.067129665249080261e-01
-5.030333988179670479e-01
-4.843147508121958822e-01
-5.436925953579352377e-01
-5.670239695090378840e-01
-4.842639338240252167e-01
-4.645165988521220424e-01
-4.849203568482917115e-01
-5.473695669697802302e-01
-4.885147299367660900e-01
-5.495060025076760057e-01
-5.246659603111932801e-01
-5.845426417607147984e-01
-5.019610930905893387e-01
-4.457513957255659354e-01
-5.078829871049554967e-01
-5.035546065923776071e-01
-5.030678955311822520e-01
-4.467121707066767367e-01
-4.886568112162298916e-01
-4.854235467652991964e-01
-4.285230128323334609e-01
-5.271229344383696613e-01
-5.257427717959026747e-01
-6.065421186090822481e-01
-5.669687425467996311e-01
-5.033823299553250585e-01
-5.698871165962431373e-01
-5.916360353227492208e-01
-5.081506685576593352e-01
-6.078885043724668868e-01
-4.643521812826916229e-01
-6.301778889276428153e-01
-4.445592330680311344e-01
-5.062416172066223075e-01
-4.236767908448813569e-01
-4.675171325939980749e-01
-6.095524157677419952e-01
-4.659413023591136294e-01
-4.452128910284470220e-01
-5.274977981858772758e-01
-4.860315780564793409e-01
-5.254846218620365939e-01
-5.679970504047766600e-01
-5.449546618861913494e-01
-5.244118230722581986e-01
-4.832613769446896801e-01
-4.431227484086946444e-01
-4.667313030935726359e-01
-5.498336969044127498e-01
-4.632391055233624488e-01
-4.849144144873798745e-01
-4.432727669825931027e-01
-4.017075091560800559e-01
-4.852512373142470747e-01
-5.019067884170455018e-01
-4.825899121993553753e-01
-5.053456038468123745e-01
-5.482948153478278686e-01
-6.044817273719844675e-01
-5.245473776945200894e-01
-5.087717451214875952e-01
-4.456152775672172495e-01
-4.616163863584780147e-01
-4.407468728821484771e-01
-5.255073556858707029e-01
-5.239554585530862285e-01
-5.079627291261740174e-01
-4.634771569510660050e-01
-4.628860800118665408e-01
-3.834396379896843343e-01
-4.660691695242614729e-01
-5.036133858705931221e-01
-5.428488177677188720e-01
-5.263932783973385154e-01
-4.827382842794159523e-01
-4.222045184153331854e-01
-5.642748096881843312e-01
-4.430025581563297732e-01
-5.003662768401315741e-01
-5.660114356744366804e-01
-4.401574577490395268e-01
-4.610536245092650143e-01
-4.643191763665750482e-01
-4.856415249886197882e-01
-4.825541442006243686e-01
-4.419300448258137171e-01
-5.037185836476960610e-01
-4.395199042821824054e-01
-5.252539180836328647e-01
-4.618590139145375417e-01
-4.844483286631373620e-01
-3.808393058576367562e-01
-4.623931160217707448e-01
-5.434739355198118238e-01
-5.219944481781572110e-01
-4.630616312938251600e-01
-5.021680190806807609e-01
-4.410705331780154226e-01
-4.795593056582520552e-01
-4.780395406225528832e-01
-5.415944188263484005e-01
-4.635705855376424100e-01
-5.019418342393716648e-01
-4.831382150383548568e-01
-4.852612555745258738e-01
-4.799219531888466728e-01
-4.001426821078191143e-01
-4.822657264236721586e-01
-5.426744250507252731e-01
-4.622341986927391289e-01
-6.068818859458370296e-01
-6.048887249662847632e-01
-4.795719039998984634e-01
-4.823299007534385119e-01
-4.022006858653539574e-01
-5.223023517146896388e-01
-4.812109043777176298e-01
-4.233878225809551976e-01
-6.468452125215284898e-01
-4.395165081331635082e-01
-4.425782183578834683e-01
-4.026637805231768619e-01
-5.417428657428925431e-01
-4.633837462968369847e-01
-5.406377788793297334e-01
-5.798458978820854037e-01
-5.038514926653070436e-01
-4.795069004390695167e-01
-4.194437142250498352e-01
-4.407867502279192440e-01
-4.817304207596124210e-01
-5.414478439610896920e-01
-4.198300305116239306e-01
-5.247501817619310005e-01
-6.471916543293663171e-01
-5.631375146457708869e-01
-4.200063698147669666e-01
-4.831283432531127686e-01
-4.254851636394919590e-01
-5.434534772907172462e-01
-4.635087323190878461e-01
-5.239774195294178982e-01
-4.617103141328364191e-01
-5.649943706015968514e-01
-4.646624957345620310e-01
-5.039097257578707412e-01
-5.040253331421744587e-01
-5.231315791274757654e-01
-4.421806208748950695e-01
-3.832273576422344785e-01
-5.014581367308139637e-01
-5.665472030644227441e-01
-4.193514472515741942e-01
-6.218708584382839355e-01
-4.660663446336007487e-01
-6.059768239769108833e-01
-5.421836962283976824e-01
-5.064118650475714078e-01
-4.842556519724143804e-01
-5.854005742173298277e-01
-4.223949303949687262e-01
-4.627717483105269203e-01
-5.855631505136259518e-01
-3.805003786501912622e-01
-5.035041212070372474e-01
-4.852176977965419469e-01
-5.880136675966455284e-01
-5.286737517927935226e-01
-4.477696515930184029e-01
-5.660709541949507928e-01
-5.443630129784726712e-01
-5.284918397974270876e-01
-5.291496128934147780e-01
-5.688881534427173703e-01
-4.461307755913168638e-01
-4.638374060260482268e-01
-4.842559213588646938e-01
-4.430971572246488743e-01
-5.263965352051864777e-01
-5.671983678355080327e-01
-4.863759092104114057e-01
-5.060490359188827281e-01
-4.840600749163946337e-01
-5.272066928160856758e-01
-5.651395352149932716e-01
-4.468595809819655984e-01
-4.439778959350904053e-01
-4.053862841439213049e-01
-5.258627846741164014e-01
-5.862732596491512238e-01
-4.638355339928505461e-01
-5.876237431522359778e-01
-4.899720253509766144e-01
-4.852399565003268633e-01
-6.082742353349004372e-01
-4.638386996715956334e-01
-5.029737001862093493e-01
-5.875187606935965423e-01
-5.282339761990130222e-01
-5.084161551308820082e-01
-5.440023197724733750e-01
-4.863163678978117410e-01
-5.266739058261508122e-01
-6.432164045379211714e-01
-5.848064193873170336e-01
-4.615962971206586940e-01
-4.266270799273506609e-01
-6.475426237936586782e-01
-6.274808938900958699e-01
-4.830024573636396701e-01
-5.257034560274459478e-01
-5.489634691065276018e-01
-5.307199378774002385e-01
-4.423086466141943340e-01
-4.674843918192963521e-01
-4.649606513927773688e-01
-5.255235843713829125e-01
-5.245055999051482232e-01
-6.503971052722827828e-01
-4.671523405939548290e-01
-5.229831772200466133e-01
-5.636904987106859943e-01
-4.627993497734362305e-01
-4.838380127599504199e-01
-4.869183871971381472e-01
-5.280791628333399990e-01
-4.704556203087912336e-01
-5.692432587766025343e-01
-4.821141691295043330e-01
-5.234068607794558625e-01
-4.646973743129725887e-01
-4.862596840842404178e-01
-4.867373318224716972e-01
-5.482252716412012727e-01
-4.643423338901490061e-01
-4.275285503730348879e-01
-5.632338804405749855e-01
-5.816819072429624260e-01
-4.863565556643933419e-01
-4.607913944504291037e-01
-4.811912180852389032e-01
-5.045678724768970502e-01
-3.834115866812548568e-01
-4.203502720600909570e-01
-5.859840734633234849e-01
-5.877141458458712275e-01
-4.453687976584609354e-01
-5.238366372278069338e-01
-4.411804749682113336e-01
-5.215762753745655234e-01
-4.823063200089351965e-01
-5.237525260126926208e-01
-4.856232892138729329e-01
-4.675322037986275325e-01
-5.814318959927760044e-01
-4.860140307497415879e-01
-4.031481823912826390e-01
-4.645109490003808683e-01
-5.443118833247144739e-01
-4.633168025225895548e-01
-4.492524458554381095e-01
-5.042988134519691412e-01
-4.669188127530415344e-01
-4.628868831926816196e-01
-5.041804829796043830e-01
-5.859727721280332258e-01
-5.242960631479460787e-01
-3.826440408631550105e-01
-5.463743910948833937e-01
-4.632401942230633396e-01
-4.651692860048659561e-01
-5.232542080448845390e-01
-4.231874712080259116e-01
-5.628687910821184026e-01
-4.219865707860315229e-01
-5.217149657959108122e-01
-5.003759601223404241e-01
-5.628008562625903544e-01
-5.437067117505378633e-01
-5.236118924894734850e-01
-4.621751991442205609e-01
-4.871170314177052929e-01
-4.617313515819001513e-01
-4.660544619187414472e-01
-4.819373189548523673e-01
-4.819450920915649417e-01
-5.411280960581043020e-01
-5.437169596429850538e-01
-5.501033229533449642e-01
-5.015099857206468670e-01
-5.239333496212790209e-01
-5.030645083742905088e-01
-5.422075212997863325e-01
-4.835716077659376610e-01
-4.633111150370823328e-01
-5.044160750596016207e-01
-4.837350422109439330e-01
-5.217644864072830124e-01
-4.203378931163511689e-01
-4.434396140282715337e-01
-5.006549195018304976e-01
-4.817714955633705665e-01
-5.448301271536147850e-01
-4.637773502542821280e-01
-4.609563685031566882e-01
-4.794712141757891954e-01
-5.872166263783992202e-01
-5.820190121892903079e-01
-3.778054741560462060e-01
-5.424385639180473451e-01
-5.217417565148388947e-01
-4.232864141424840798e-01
-5.415742350990369047e-01
-4.856809605735546986e-01
-4.837158765361425083e-01
-4.818718158386784967e-01
-4.223394733552005009e-01
-4.228178972067893060e-01
-5.039383964357234680e-01
-5.230597276842806620e-01
-6.049670019665811527e-01
-4.011512560946590145e-01
-4.985943999067394272e-01
-4.812311281448405920e-01
-4.419002186235988505e-01
-4.407008848686058133e-01
-4.369787145250767502e-01
-5.629361542257227402e-01
-4.828538976864378274e-01
-5.676778062174306916e-01
-4.418128302404298879e-01
-5.621845139836169070e-01
-4.621018327231435907e-01
-5.037981469194995343e-01
-5.022749489688900226e-01
-7.477573461723886483e-01
-4.787829130631259811e-01
-3.611302998355966354e-01
-4.395844923150619143e-01
-4.600623306230730014e-01
-4.209521494433896560e-01
-5.391390310742110170e-01
-5.211569766028681938e-01
-5.206018436718573561e-01
-4.418632174763036380e-01
-4.595004014460477015e-01
-5.820544958152682469e-01
-4.612896829170813340e-01
-5.407244780638995607e-01
-4.788758422230554590e-01
-4.207112095355873271e-01
-5.229758333828732342e-01
-4.388249278600573899e-01
-4.620795858179977955e-01
-4.390162940741400566e-01
-5.222808923218592581e-01
-4.981483636206215371e-01
-5.211519952590788485e-01
-5.420798066804443094e-01
-4.855311621926942101e-01
-3.823872273617407447e-01
-4.826219915860526233e-01
-4.236034986232483091e-01
-4.442448302490588086e-01
-4.796368523050906219e-01
-5.638128201261091155e-01
-4.636734936143371288e-01
-4.416477076256534740e-01
-5.440357308693712923e-01
-4.775843242426060509e-01
-5.670967227802696797e-01
-4.995731940514455127e-01
-5.421968435811217457e-01
-4.627887275401320055e-01
-5.020012529464218387e-01
-5.216434537152355722e-01
-4.809627468656644811e-01
-5.213463448626395325e-01
-6.449188195278956481e-01
-5.639838891819083377e-01
-4.873481126587709822e-01
-5.054222760744461196e-01
-4.236624561376068909e-01
-5.636861147215611600e-01
-5.217800390294123902e-01
-4.646152026380824807e-01
-5.057632315778781695e-01
-4.664253841214162644e-01
-5.841732703559004980e-01
-5.436479798327742419e-01
-4.887821734543513208e-01
-4.853574604428773642e-01
-4.861280907554430541e-01
-4.435176880616101824e-01
-4.867473018059561007e-01
-5.647396431015176965e-01
-5.460068090411701602e-01
-4.851174356613839334e-01
-4.631483924791632290e-01
-5.268638688293367789e-01
-4.843325349861092866e-01
-5.863652763571394200e-01
-6.919797310579176575e-01
-5.471834604066935226e-01
-4.609325877790449444e-01
-5.102561547009016873e-01
-5.215688384922682053e-01
-5.843910555993155898e-01
-5.480602031444659072e-01
-4.255517498256520259e-01
-4.662674808376284230e-01
-4.867264474643065442e-01
-4.628749760400022173e-01
-5.081801582905868253e-01
-4.242738619445152182e-01
-5.439521268609383009e-01
-4.464986088127595454e-01
-5.274974603506923376e-01
-4.639816263146827602e-01
-4.229102484924591732e-01
-6.063884113277301369e-01
-5.037856702297216493e-01
-4.447581153902971929e-01
-5.025944047748616139e-01
-4.386135396488392013e-01
-5.436238602836508393e-01
-5.255635358118270206e-01
-5.208462494950532040e-01
-5.259427579915187945e-01
-5.634400305143437704e-01
-5.428553394151420797e-01
-4.004145161917180840e-01
-3.623178765369888810e-01
-5.034153438713563355e-01
-5.869635029335197318e-01
-4.203708608559910131e-01
-3.784722339151524451e-01
-5.214546759730085412e-01
-5.072067605886059205e-01
-4.834664392064145222e-01
-4.422373141264565044e-01
-4.622673087788697899e-01
-5.453929881851898864e-01
-4.222284085645100493e-01
-5.611671871476581197e-01
-4.580176115147185922e-01
-3.982843776645336176e-01
-4.804647953240253622e-01
-5.214613611265557225e-01
-5.016051653606836691e-01
-6.646426971552105156e-01
-5.611395666758494105e-01
-4.407530840424705443e-01
-5.207603477324441732e-01
-4.560849862914510555e-01
-5.428943908778646188e-01
-5.642004323778317953e-01
-4.403398485390853656e-01
-5.219182032295348606e-01
-5.039602504606233158e-01
-5.217424475865736211e-01
-4.188240857176869780e-01
-4.394048904627738672e-01
-5.019276572610793519e-01
-5.819780222287352922e-01
-5.045542208161684083e-01
-4.012515160682605941e-01
-5.620612238927347182e-01
-4.830478652237032988e-01
-5.228613437499468608e-01
-5.813946069683297857e-01
-4.761081983403533391e-01
-5.196134512898398228e-01
-5.007797905321208498e-01
-4.835982059510214870e-01
-5.056295072206434815e-01
-5.257439547821693981e-01
-4.604763203093314994e-01
-5.252994773620314195e-01
-4.397517325124375431e-01
-4.421051092209412059e-01
-5.068217699026728029e-01
-5.443444739237955909e-01
-5.411700596921567019e-01
-4.792951355966061922e-01
-4.620760346330969326e-01
-5.050046465003608098e-01
-5.057330581696151128e-01
-5.469588591630396568e-01
-4.819808778211517319e-01
-4.860709665529172607e-01
-4.232726016792285328e-01
-4.875068068722328563e-01
-4.619156852335155050e-01
-4.226266819507161210e-01
-5.875641318919805345e-01
-4.619428168564623238e-01
-5.455079295915509219e-01
-4.656413566878642163e-01
-5.031001806389857611e-01
-5.065087269889319010e-01
-4.645824281826083091e-01
-5.651238747372469007e-01
-5.041130837737416437e-01
-4.849243775172001336e-01
-4.855737368054685033e-01
-5.086686759098612010e-01
-6.316140081400856143e-01
-5.880204937393167519e-01
-4.887563492349144556e-01
-5.298124093622371689e-01
-5.092555923408980112e-01
-5.288336667356857701e-01
-4.653822824229333355e-01
-3.884291099849955242e-01
-5.107995953155453073e-01
-4.866645358594906545e-01
-5.261710635192867747e-01
-4.447063579380886034e-01
-5.242376487365053572e-01
-6.090154421408646712e-01
-5.674972160218608730e-01
-5.292010005099968550e-01
-5.849836348174747291e-01
-4.513722383761280543e-01
-4.648693986999131722e-01
-5.490777777794436654e-01
-5.471803580192746708e-01
-5.507712259330611593e-01
-5.707661115225850512e-01
-5.671825320776607837e-01
-5.223987037841684167e-01
-4.854906500739617492e-01
-4.624668511247318481e-01
-5.300839766628460126e-01
-4.258159895691733254e-01
-5.668081187653837283e-01
-4.034705095544197095e-01
-4.229950664221959755e-01
-5.633396265806882575e-01
-4.637110560667567216e-01
-5.024254264402185921e-01
-4.638592861355639307e-01
-5.686215979238169460e-01
-4.429407449163010324e-01
-5.222913773053270425e-01
-5.220153478103248812e-01
-4.217739337094987273e-01
-4.412830095163839395e-01
-5.419038326474922007e-01
-4.828727307464957819e-01
-5.013730540691399007e-01
-5.018530186082211797e-01
-5.455727302605677398e-01
-5.593856254820211982e-01
-4.391215642223261773e-01
-5.027088960665228035e-01
-5.233820788243348510e-01
-4.219698649422434777e-01
-6.442715997443906328e-01
-5.636221094279743049e-01
-5.430688638554563852e-01
-5.394945282128488229e-01
-5.649205400310620684e-01
-4.841626011296246701e-01
-6.233886023804434684e-01
-4.806886874147534017e-01
-4.016308876563330910e-01
-4.583340177352744904e-01
-4.405177791359079498e-01
-5.255785504351018211e-01
-5.641015299677424322e-01
-5.204065540233614451e-01
-5.615439407412895489e-01
-5.174619350674213303e-01
-4.992608630131015190e-01
-5.224226473949985516e-01
-4.392922628908433880e-01
-4.580216404721207946e-01
-5.821806643349046739e-01
-4.803634328769791906e-01
-5.828556267348351527e-01
-4.397136603211401207e-01
-4.586541567929424690e-01
-6.076566925208851666e-01
-4.624058401139595209e-01
-4.639137299296610673e-01
-4.843597752558247427e-01
-5.235443564702539909e-01
-5.831097528294996168e-01
-4.622690030152469265e-01
-4.422384519109004986e-01
-4.401617866330813644e-01
-5.271390415900141235e-01
-5.215425790019346808e-01
-4.403925779812793984e-01
-5.409221893475504306e-01
-5.231117124092242721e-01
-5.256928912809020193e-01
-4.422871708785897638e-01
-4.429281928969338589e-01
-4.442362620948553387e-01
-5.635171486873421509e-01
-4.468484899100244045e-01
-5.454361319556225718e-01
-5.859046088253326845e-01
-5.878901995775119849e-01
-4.224894119497661915e-01
-3.825597747677270122e-01
-4.689959645489014672e-01
-5.698523703880786773e-01
-5.246045143860953441e-01
-5.287528536720281780e-01
-4.467926131822686497e-01
-5.470323089941312444e-01
-6.066410768018153377e-01
-6.529033727410178400e-01
-5.888473669270211097e-01
-5.077852160941598303e-01
-6.294830843189859193e-01
-4.854186378309067740e-01
-4.237109047400590134e-01
-4.473480508530982558e-01
-5.513323099469114030e-01
-5.848962712901645267e-01
-5.675583317560735086e-01
-6.124753643795408653e-01
-4.862007460188215169e-01
-5.257151825724666327e-01
-4.656332274461574827e-01
-5.282776833869560207e-01
-4.809922671084123080e-01
-5.663517712146876049e-01
-5.456592683520216092e-01
-5.653467930832114519e-01
-4.238040320373607783e-01
-5.056121955528970480e-01
-4.824571491890173314e-01
-6.277922899133193679e-01
-5.052162504204602556e-01
-4.661436601446950490e-01
-4.837283371028955337e-01
-5.878778578583221393e-01
-5.030902365743470384e-01
-4.599741352492092705e-01
-5.056136121612835321e-01
-3.991155805662556788e-01
-4.832428858930953308e-01
-4.994724614755284842e-01
-5.851253786183113759e-01
-4.619413393101790000e-01
-5.666546482047607469e-01
-4.646156536036245566e-01
-4.389132986571127604e-01
-4.845207628570974423e-01
-5.045860027004878123e-01
-4.597157373818713810e-01
-4.791314646287967438e-01
-4.786852343582977953e-01
-4.425636309711230565e-01
-4.406738277309644181e-01
-4.808718756395020666e-01
-4.389713449151699254e-01
-5.021131330119403824e-01
-5.429611310553449366e-01
-5.018732886368376667e-01
-5.026295333803052490e-01
-6.011757506709214383e-01
-5.025037066626457660e-01
-5.455453649180682651e-01
-5.822958026811935195e-01
-5.018557967082514226e-01
-4.788913658520073113e-01
-5.022111851773578550e-01
-5.220324937773972440e-01
-5.835974813932106597e-01
-4.844206012681682716e-01
-5.446415391634704672e-01
-5.235163727788915145e-01
-5.390914879468567955e-01
-5.804628725299074699e-01
-4.000106257933947473e-01
-4.623046163420624910e-01
-4.998189253267524834e-01
-5.575722971044554388e-01
-6.025219383773419146e-01
-6.446941248014208536e-01
-5.199778114297824994e-01
-4.635259081656722957e-01
-4.429648812660020862e-01
-5.658058224816919779e-01
-4.819614207193068101e-01
-4.594630121263832967e-01
-4.412246391579561222e-01
-5.002458078609725023e-01
-6.053316351177967514e-01
-5.405981879300660875e-01
-5.432732668437413315e-01
-4.163210567497519499e-01
-5.619872669043972646e-01
-5.202456767536537408e-01
-6.297886382841536568e-01
-4.611798035589542155e-01
-4.391738718534859975e-01
-5.812092853881397625e-01
-4.819590940104566124e-01
-5.039288840330709007e-01
-4.622404391612771057e-01
-6.267983667356697985e-01
-4.428186088826491784e-01
-5.830110057728302708e-01
-4.768378709779497737e-01
-5.018455822402768662e-01
-4.397106832085918016e-01
-5.193560001422050654e-01
-4.208835987983947091e-01
-5.001832815665584464e-01
-5.673414938047919298e-01
-5.011738930852982499e-01
-4.205130437954687217e-01
-6.074334759949646667e-01
-5.650873350961167496e-01
-6.034081245427206364e-01
-4.830820427976281750e-01
-5.211578966230540066e-01
-5.823406011363656543e-01
-4.644002256992654232e-01
-5.453384723159978575e-01
-4.409512607565519993e-01
-4.844087025908285771e-01
-5.432819015306712407e-01
-4.805750810571281506e-01
-5.065099398888858184e-01
-5.037187952339069463e-01
-6.038312821189084634e-01
-5.024100864228793206e-01
-4.849674230622521565e-01
-5.434101798308674791e-01
-4.648302390474948753e-01
-4.799196930181854337e-01
-5.251165165185838202e-01
-4.846797553727172914e-01
-5.241085578780301235e-01
-5.820232638566090744e-01
-5.390536177970396414e-01
-4.814735285293615941e-01
-6.047837639906409324e-01
-4.418830077430315195e-01
-5.023907118532742189e-01
-5.223895171020426220e-01
-5.657407652583809066e-01
-4.210433021968190692e-01
-5.209970262840402100e-01
-6.045904992723574178e-01
-3.802935027814855484e-01
-4.228909166947463216e-01
-5.635561792188865660e-01
-4.841677542410884327e-01
-5.612047940011833935e-01
-5.218478855780849246e-01
-4.825420695547084637e-01
-4.236637897299163069e-01
-5.040840907708709073e-01
-5.427601550850106316e-01
-4.638459289923227424e-01
-5.045717227422927831e-01
-5.285874397672268854e-01
-5.607861238259783665e-01
-5.004871075679460102e-01
-5.424673604943063276e-01
-5.037756692330980224e-01
-6.438228337454079409e-01
-4.862438606180822243e-01
-6.031219835463946799e-01
-4.661388398203062389e-01
-4.836144145390606774e-01
-4.410872134940583278e-01
-5.640100543658725929e-01
-4.823331549290720277e-01
-5.236189647597684349e-01
-5.664415587051777612e-01
-5.610459613795909517e-01
-4.614223415349021362e-01
-3.813992984946886211e-01
-4.639057539353879100e-01
-5.239977216354690936e-01
-4.986465507714113454e-01
-4.640554035615946371e-01
-4.229114012621945085e-01
-4.598955079892103615e-01
-4.610560397718798109e-01
-5.686208203929713489e-01
-5.622860101722194637e-01
-5.445790862662912568e-01
-5.027228785911453945e-01
-4.795802496651320745e-01
-4.007736590342394489e-01
-6.034651575223426434e-01
-5.441036325296626508e-01
-4.806796988435737550e-01
-5.012165113042166276e-01
-4.820962712866245226e-01
-5.188771515050251137e-01
-4.387035120214216044e-01
-5.012693395757767956e-01
-5.446561535434928381e-01
-5.439314827442978117e-01
-4.200252031365742100e-01
-4.777600339754151104e-01
-4.555393018332057342e-01
-5.412243674530793358e-01
-4.814918314463577098e-01
-4.812331894556311496e-01
-4.610983439566273545e-01
-4.603059956448396495e-01
-4.376117811871079732e-01
-4.593462668994846565e-01
-5.632563850025441576e-01
-4.998477279495437409e-01
-4.599303649443279851e-01
-4.826051019223139837e-01
-4.816062843112388081e-01
-5.229095129242802287e-01
-5.816530159552008028e-01
-4.821097574476119196e-01
-5.857999813907500686e-01
-5.613297720505722177e-01
-5.664398699660884162e-01
-5.413084427461485326e-01
-5.615001767337751692e-01
-4.587437427806327350e-01
-6.483450784893853847e-01
-4.404139708728402325e-01
-6.208404274683372304e-01
-5.199940725558099830e-01
-5.184595780598267867e-01
-5.420796314636769919e-01
-4.839918125040686969e-01
-4.793667347607793450e-01
-4.573066415828365150e-01
-6.183183666314090443e-01
-4.616410610656063729e-01
-4.791647126765687381e-01
-5.000159505413238614e-01
-6.241450159804302622e-01
-6.057343026752052273e-01
-4.767198510429876968e-01
-4.995170190822105227e-01
-5.823648178401900077e-01
-4.965575218260421253e-01
-4.982497153951758184e-01
-4.219336260463803501e-01
-4.378160940808086821e-01
-4.397157166589192312e-01
-6.052890467944694874e-01
-3.984747836852123859e-01
-4.411137267786220395e-01
-5.397999724964377410e-01
-5.402271117694479319e-01
-5.212218257784043685e-01
-5.207999321123104597e-01
-5.231218716613775799e-01
-4.799366627333835345e-01
-5.218874102627516498e-01
-4.607365139209251281e-01
-5.614140424071196733e-01
-5.403932183379185350e-01
-4.020039780957299080e-01
-4.398155387242288494e-01
-4.406701310208573363e-01
-4.983267381423617248e-01
-5.022981157744745850e-01
-5.621818023368986283e-01
-4.200806112600621867e-01
-4.394908946678250938e-01
-5.445857065241171968e-01
-5.045896406988653604e-01
-5.019862514750196292e-01
-6.032193727112106219e-01
-3.985055653477990734e-01
-4.437814053332196362e-01
-5.837048395369062170e-01
-6.449837273722348607e-01
-5.437812652741755848e-01
-5.225357582891150265e-01
-4.212677551682697530e-01
-5.442983087095467631e-01
-4.815009535538019581e-01
-5.622259935733777692e-01
-5.047598583778115655e-01
-5.244419074960829930e-01
-4.204549487219501613e-01
-5.662000451026303338e-01
-5.019592582512611978e-01
-4.417606100212542186e-01
-4.837973781635704351e-01
-3.999627281984411420e-01
-4.820399913189328256e-01
-5.010368146731832839e-01
-4.420671390493662312e-01
-5.023194963977577476e-01
-5.426404314148163266e-01
-5.650383538437400155e-01
-4.241107433892129519e-01
-5.086526294827635741e-01
-5.032202045096361154e-01
-4.412209394806179130e-01
-4.209722824694385190e-01
-4.426658403972689171e-01
-4.388898095645857311e-01
-5.423630704953160686e-01
-4.212161644175814179e-01
-5.005522821384097432e-01
-5.420843262272102558e-01
-5.435798354426445433e-01
-4.831024570849617450e-01
-4.852583236596979543e-01
-5.052115156682477348e-01
-4.862706889884848005e-01
-5.072929922824104265e-01
-4.404688706322764102e-01
-5.632368368301735595e-01
-4.815859217772854861e-01
-4.786879533525380537e-01
-5.834464396013016030e-01
-5.201992856675780041e-01
-4.824522607644841088e-01
-5.011672027718773181e-01
-4.818300579913858961e-01
-5.226899787411671827e-01
-5.259092248698604699e-01
-4.851934573882619173e-01
-5.452934667939591806e-01
-4.398891937371364746e-01
-5.256003741518086025e-01
-5.000513577919307728e-01
-6.236425144172282886e-01
-4.408701222863000146e-01
-4.616557111581900408e-01
-5.615308784934334163e-01
-5.075532228928240075e-01
-4.811600973057616470e-01
-4.412798111253915523e-01
-5.463014194498478915e-01
-5.841101633283858341e-01
-5.462869811034852807e-01
-4.844425413982480499e-01
-4.625530617799066269e-01
-5.426551756950598326e-01
-4.631937419022733038e-01
-4.394072795909456097e-01
-5.054400694729032084e-01
-4.653244687834302562e-01
-5.463975100175000321e-01
-5.434793231133427938e-01
-5.245665093660764056e-01
-4.827320303178805894e-01
-5.026591160280395876e-01
-4.216616857428573950e-01
-4.834082517852181793e-01
-4.430240038564498550e-01
-4.671910267713774156e-01
-4.447180829908276567e-01
-5.446008770185419845e-01
-4.448823401308053538e-01
-5.186268108004682409e-01
-4.812657355219565614e-01
-3.804182178418896165e-01
-4.441617182647136230e-01
-4.842058444484965696e-01
-5.481479102568889150e-01
-5.195201390196877433e-01
-5.217689834874513766e-01
-4.657037474728899507e-01
-5.063695448233880292e-01
-5.870131551327008035e-01
-4.838235454760362320e-01
-3.987125877094043758e-01
-4.805475401875680119e-01
-5.447575950885812368e-01
-5.245290114489139510e-01
-6.081278880897359462e-01
-5.249899285228143420e-01
-6.452757214936620800e-01
-5.227237799872770374e-01
-5.028432442966892513e-01
-5.033257159661324032e-01
-5.227271532313940705e-01
-4.198569033917370907e-01
-4.851582081994249007e-01
-4.603870580340704288e-01
-4.432403256518328005e-01
-5.261591729577221876e-01
-4.636117317406763250e-01
-4.830292274006782183e-01
-4.252601413803575037e-01
-5.061184706760903929e-01
-6.063002899970689752e-01
-4.800023870130555315e-01
-5.256791986668251093e-01
-4.612816187476553864e-01
-5.458886735121317724e-01
-4.826091904965879587e-01
-5.453173351923689127e-01
-5.240283630360706990e-01
-4.997701429475261414e-01
-4.403707476047038494e-01
-5.406908040217843769e-01
-5.660800111582029448e-01
-4.606031270001411104e-01
-5.222569339922024101e-01
-4.628389218444921571e-01
-4.817902346839230132e-01
-5.435846990345625240e-01
-5.491194925082433231e-01
-5.240559599329620566e-01
-5.225553260310273895e-01
-4.579714067096007368e-01
-5.244789732917188863e-01
-5.438783215242530833e-01
-4.824998819990994892e-01
-5.009647756492376924e-01
-4.031529647140107420e-01
-5.808245243064164010e-01
-5.645019786361182845e-01
-5.052073773075818064e-01
-4.802406543447849674e-01
-5.023763782287854474e-01
-4.626038000739808309e-01
-4.843070411743171655e-01
-4.424483540420533489e-01
-5.239827784117375709e-01
-5.243229634721074950e-01
-4.464827793292552305e-01
-4.428245816159903647e-01
-5.471078720527199346e-01
-6.648946245790666731e-01
-4.227566314091851241e-01
-5.225371474680791106e-01
-4.226057733877940370e-01
-5.023633773814430992e-01
-6.074393497395341734e-01
-4.596061804631559333e-01
-4.439758526351320622e-01
-4.228415693046503887e-01
-4.435164894337078056e-01
-4.849829100860190145e-01
-4.640479794435573013e-01
-5.467099006285056628e-01
-5.836911062236062042e-01
-4.656340722073987748e-01
-4.657507047291765123e-01
-4.629360677881620978e-01
-4.602285053635143952e-01
-6.249426722128783585e-01
-4.858964458504260731e-01
-4.652892069592147739e-01
-4.272240802765500112e-01
-5.255506731714963964e-01
-5.204327406933768607e-01
-4.415195441599153447e-01
-4.031858498190017959e-01
-4.820368327850105827e-01
-4.431396332796878612e-01
-4.432525519134582481e-01
-5.850227870620434700e-01
-4.397820511565850299e-01
-4.854775145369836231e-01
-5.447321786421115419e-01
-4.863841785139020324e-01
-5.461278974055576718e-01
-5.812542570005972964e-01
-5.038808138844964590e-01
-4.427440389569658463e-01
-5.245798415310181095e-01
-5.432451931419614022e-01
-4.222442875208649027e-01
-5.467151449121226969e-01
-4.613558694387795422e-01
-5.626482051831456221e-01
-5.007762040849739194e-01
-5.625816531592167102e-01
-5.196907007228188657e-01
-5.001215413605150095e-01
-4.792264884289187399e-01
-6.037923340885977819e-01
-5.429874236565354062e-01
-4.819079025147670614e-01
-4.591051253619577444e-01
-5.008151682925262582e-01
-5.645610896989173844e-01
-5.238674117580377487e-01
-4.807472006991176938e-01
-6.041903482827396532e-01
-4.625139997509655210e-01
-5.030637895946226124e-01
-5.041862457892822835e-01
-5.002027396518055058e-01
-4.824606423779293496e-01
-5.427621079926172598e-01
-4.400711963333451271e-01
-4.420085250783785114e-01
-4.787729911041433417e-01
-4.985367419214661866e-01
-4.188619766596027305e-01
-4.621936872569811228e-01
-4.604268704952261815e-01
-4.192943464087913741e-01
-5.258721341494898560e-01
-4.418854731532194102e-01
-5.203939946693412200e-01
-4.400625572980338407e-01
-4.835545506665674953e-01
-5.028422017619988971e-01
-4.221128924185738596e-01
-6.626493724038724498e-01
-5.233250501417887612e-01
-5.631427256087045974e-01
-6.055739660475376596e-01
-4.635504141239987219e-01
-5.023757133592421376e-01
-5.027709529127782906e-01
-4.399595074434127229e-01
-5.445511424418907342e-01
-4.849976123101439884e-01
-4.976446078298703557e-01
-4.209462161133306624e-01
-4.443501563111017516e-01
-4.851049928060247596e-01
-4.833079748861695002e-01
-4.206310695521939813e-01
-5.032563407476678963e-01
-5.438670310458401103e-01
-5.653295171869028302e-01
-5.635571856159043991e-01
-4.434386833963114283e-01
-5.222371186750147665e-01
-5.003839602798866304e-01
-5.271670061459855505e-01
-4.616564385011923677e-01
-6.007867385944668515e-01
-5.203653168294406495e-01
-5.872783640323461229e-01
-4.861850776848038458e-01
-5.453677332382447229e-01
-5.059674739530852783e-01
-4.661265348749462634e-01
-4.443139197859617973e-01
-5.648285091009548342e-01
-4.414017717483932346e-01
-5.456085433840877075e-01
-5.080073402576514852e-01
-4.678005118549167229e-01
-4.442462506022291091e-01
-4.207366127493217811e-01
-4.874928386109032563e-01
-5.419555429928180068e-01
-5.051944936248865536e-01
-4.649719946652674518e-01
-4.234384982089923755e-01
-4.839862155789554365e-01
-5.870940494368628304e-01
-3.611563639530359637e-01
-4.251354856680782945e-01
-4.839434776862612808e-01
-5.631403693780430153e-01
-5.232714552935787689e-01
-4.826985949118068331e-01
-4.656824571392182421e-01
-4.830851017223832256e-01
-5.639596576769019265e-01
-5.457503823289580058e-01
-5.252036336082419599e-01
-5.835230120612769911e-01
-6.045168751474415680e-01
-4.858290689776075255e-01
-5.241332528257529599e-01
-5.635966125173952346e-01
-5.648507048362527705e-01
-5.655697979981962886e-01
-6.054099353882484991e-01
-5.017959484011103033e-01
-5.059918604499971106e-01
-5.822006838175565191e-01
-5.627333816478761186e-01
-5.047799174535259059e-01
-4.831560686959527340e-01
-5.029842239450625918e-01
-4.633315752966770673e-01
-6.055679034893547419e-01
-5.256125603688479586e-01
-4.459560645040344662e-01
-4.191064682139626352e-01
-4.614269445276573123e-01
-5.211039636700531830e-01
-5.658066664048724270e-01
-6.452687441764541898e-01
-4.602941875079917811e-01
-4.616646150837181994e-01
-6.065510976278963851e-01
-5.039927261330831021e-01
-3.813391773767240700e-01
-4.849106312249552575e-01
-4.435353655032756026e-01
-5.437150718071379618e-01
-4.806288599669457096e-01
-4.998765295193985936e-01
-5.253107117314478325e-01
-5.408185630177883008e-01
-5.234067571096694405e-01
-4.428423997528310729e-01
-4.813981031095080909e-01
-5.405758899683767993e-01
-4.631713073232919808e-01
-6.042097687989521626e-01
-5.272750382735900132e-01
-4.391982814590937867e-01
-5.623866667649457529e-01
-5.426717583419282676e-01
-4.234586160865909110e-01
-4.994821428816276776e-01
-4.412997675057065416e-01
-5.057579668801515105e-01
-5.474418138916306020e-01
-5.075494309560708572e-01
-5.020037078716662604e-01
-4.632568095632970673e-01
-4.847717347601234184e-01
-5.427761244453159772e-01
-4.374662696114331450e-01
-4.019350660976102052e-01
-6.044483490557333027e-01
-5.463626420445227838e-01
-5.046919709226730388e-01
-5.255875549394161128e-01
-5.264213952304328537e-01
-4.629009636667145156e-01
-4.419048370610842436e-01
-5.859255380232361032e-01
-5.654782375230313907e-01
-5.036047465187933891e-01
-5.905310359731185121e-01
-4.216801309922482699e-01
-4.449702919737474338e-01
-5.447369477102521618e-01
-4.702182567077186071e-01
-4.850611466990500942e-01
-5.652567366794579717e-01
-4.845154621669142680e-01
-5.263515688698723327e-01
-5.454598612096498433e-01
-4.826211000772160364e-01
-6.085659784417827289e-01
-5.295604487408079875e-01
-5.487210118813974358e-01
-4.846254042182862043e-01
-4.871440713126120592e-01
-5.045460102749556031e-01
-5.234286455807449778e-01
-5.018678043417997836e-01
-5.064517053182826523e-01
-4.431803396837072917e-01
-5.879776076234752846e-01
-5.268523218557704668e-01
-4.880177451462393012e-01
-5.888686904488763529e-01
-5.275503127847901430e-01
-4.852274734314968030e-01
-4.866865744991236142e-01
-5.872585537562894364e-01
-6.457881675608571070e-01
-5.238794707756730951e-01
-4.658488574832248541e-01
-4.660007293690741625e-01
-6.064816252861201518e-01
-4.811648638547458834e-01
-5.054728035679256770e-01
-5.254664694914621403e-01
-4.825168446512638765e-01
-4.205378305728447730e-01
-5.629315053880703523e-01
-5.249180286345250801e-01
-5.012726714525456151e-01
-6.079801925616107328e-01
-4.223786323001846310e-01
-5.615310230674477321e-01
-5.651651298358875142e-01
-4.210355262011633015e-01
-5.419866260004162495e-01
-5.204781927509912753e-01
-5.435317386771375547e-01
-4.214880336274864914e-01
-4.833517145553401506e-01
-4.857664392599652103e-01
-5.243926623952672728e-01
-4.248054950255440998e-01
-4.595454917611969670e-01
-5.002017243356960963e-01
-4.396225285668308724e-01
-6.869018093815999482e-01
-6.248552769199100521e-01
-4.791593611255348106e-01
-4.819800321477933358e-01
-5.212161947580686849e-01
-5.802412123219278239e-01
-4.380445576445137768e-01
-4.383167357412596221e-01
-4.999840284676184132e-01
-5.036791779512396205e-01
-5.211259398082080940e-01
-5.823265417379878128e-01
-5.843033358830086454e-01
-5.836656110196567493e-01
-4.388311773467488131e-01
-5.428029963894028809e-01
-4.177588908441693949e-01
-5.851384048839153307e-01
-5.217182767233615737e-01
-5.445239453337916702e-01
-4.185323936438400394e-01
-4.809011650781113700e-01
-6.412477884392260297e-01
-4.182294876703860353e-01
-4.586135145250549994e-01
-5.228710787989744313e-01
-5.037981219601072036e-01
-5.021668018100995390e-01
-5.816164071618417086e-01
-5.460655977142523376e-01
-5.004547254597000450e-01
-5.416449738400234137e-01
-6.038224270530434534e-01
-7.661013296156012897e-01
-4.981493085834891588e-01
-6.062996745288178335e-01
-5.020149970116383198e-01
-6.008333538863737111e-01
-5.204232747046032559e-01
-5.442020799806656095e-01
-5.646581964184997915e-01
-5.153199923334980115e-01
-5.020884974988363281e-01
-6.217778471382722216e-01
-4.778801664390707749e-01
-4.817798737559410571e-01
-4.960848768614194437e-01
-7.271371090695436523e-01
-5.212463747360329691e-01
-4.780413790259078755e-01
-5.832024380219925641e-01
-4.186699651024244351e-01
-5.403544927885522986e-01
-5.996034611930720626e-01
-7.885986505088249388e-01
-5.007749548719842014e-01
-4.607756678852051868e-01
-4.812406137672952666e-01
-4.206120747610477828e-01
-4.627460019468118690e-01
-5.399353466091465492e-01
-4.636701456586752590e-01
-4.805589910910165186e-01
-4.182194912263084707e-01
-5.206105770676494604e-01
-5.388982247241567158e-01
-5.184683653790927993e-01
-5.233254855648946657e-01
-4.590823128188963875e-01
-4.989454445915066372e-01
-3.577699592581951027e-01
-4.182842231637887709e-01
-5.462578509920851255e-01
-5.026478233479657609e-01
-4.626546852005709032e-01
-4.605252681695903294e-01
-4.602670666063468086e-01
-5.207066856069293426e-01
-4.869575595604168639e-01
-6.064551071090594769e-01
-5.216023068910451421e-01
-3.805887527681664495e-01
-4.415915890474835237e-01
-3.808960068616081274e-01
-4.432130503216721862e-01
-4.808827824742000767e-01
-4.029051755030861326e-01
-4.627147871880973873e-01
-5.845826713851655088e-01
-4.436757187562784810e-01
-4.872207001989734554e-01
-5.037429855441054594e-01
-5.030794213013858318e-01
-5.648044720332793256e-01
-4.827724855029551509e-01
-4.865868888548848803e-01
-5.839309599998269151e-01
-4.205930039990539715e-01
-5.263142173550443559e-01
-5.024622177784281440e-01
-6.662148994598798835e-01
-5.057686502421627761e-01
-5.241025928298896908e-01
-5.696570761575319164e-01
-4.893244788966079062e-01
-4.833520445246209385e-01
-5.491199584034623937e-01
-4.660502444793855337e-01
-5.073940397447616046e-01
-4.266802552205522514e-01
-5.624613881674732641e-01
-5.668432680429831283e-01
-5.021862037150863767e-01
-5.035025742767083035e-01
-5.037842106332144354e-01
-4.642724369924571270e-01
-4.629182646759072428e-01
-4.648273660817884845e-01
-5.017509108394935247e-01
-5.436001779718747651e-01
-5.223532213679951131e-01
-5.861758220687641741e-01
-4.631187993110010281e-01
-4.417628572714356605e-01
-5.462498872078107581e-01
-4.829714582291461666e-01
-4.584437742720205433e-01
-4.407212696093305015e-01
-6.242370650112991637e-01
-5.875231642984587443e-01
-4.451160349119223092e-01
-5.875145060005482200e-01
-4.613158708344342607e-01
-5.439637320175013668e-01
-4.846367822539586201e-01
-4.416157320339300640e-01
-4.424117827203167264e-01
-4.836817396566644445e-01
-6.060546187601079104e-01
-4.422911951784365692e-01
-5.821343520591637510e-01
-5.027529212293319061e-01
-5.216897747971974697e-01
-4.833824308824318794e-01
-5.014460771694311259e-01
-5.671806698436876459e-01
-4.418237659954223906e-01
-5.226529634009580150e-01
-5.463684910063626443e-01
-4.392380490703334250e-01
-5.046108250545396912e-01
-5.027946116886690131e-01
-5.402978946066370192e-01
-5.014621740766750380e-01
-5.848498981967884536e-01
-5.403959802694483505e-01
-5.013888241278285918e-01
-5.445039062191235901e-01
-5.219151905150798409e-01
-5.041326725936479125e-01
-3.981867506428979353e-01
-5.013065708308609425e-01
-5.636988902684278990e-01
-3.783615674866939727e-01
-5.404025956755479365e-01
-4.618976162297283583e-01
-6.228435368456918253e-01
-4.595850491643059810e-01
-5.234720829500801864e-01
-6.424807461752799487e-01
-4.833466341482804407e-01
-5.220058005893682962e-01
-5.429838251842319385e-01
-4.805551627656701741e-01
-5.039131309044799778e-01
-4.848719692581519580e-01
-4.839892164597320856e-01
-4.983133892797360631e-01
-4.846085016644973154e-01
-4.816837913466383569e-01
-5.654729076550427669e-01
-4.824350363959111210e-01
-5.642128934910481952e-01
-5.209679193969353195e-01
-4.040868866274827664e-01
-4.639027832150424135e-01
-5.855517045094752460e-01
-4.419074474778082462e-01
-4.813642197173559900e-01
-4.222699167399264764e-01
-5.265110925031570854e-01
-5.015512894835449931e-01
-5.047626162684901718e-01
-5.426443449910657302e-01
-5.051909699673131637e-01
-5.464826107673803612e-01
-4.999572608471829493e-01
-4.397958150974383695e-01
-4.415885857847486329e-01
-5.417219462247051531e-01
-5.387387831006692496e-01
-5.212199000234324364e-01
-5.818676013871599828e-01
-5.205752418934411763e-01
-6.407742631889215001e-01
-4.749044761474134901e-01
-5.791439248224148351e-01
-5.007079855223884879e-01
-4.583587925147752373e-01
-4.793629494901920918e-01
-5.631830644966252519e-01
-4.598483845983152851e-01
-6.030940324644986639e-01
-4.788643143558617421e-01
-4.993215725279131489e-01
-7.662301181856580046e-01
-6.245214524065927364e-01
-4.977612900661562700e-01
-5.801485826946898294e-01
-5.406268747352620530e-01
-5.586338521416448488e-01
-5.019279383278633100e-01
