-1.384683641151590594e+00
-1.387509428080410334e+00
-1.380837893064466471e+00
-1.387970717054791692e+00
-1.387490214373808151e+00
-1.390398957045335893e+00
-1.394953588760965424e+00
-1.391819560007909073e+00
-1.394393295799695842e+00
-1.388126125516122800e+00
-1.395282519539757793e+00
-1.390310930347491425e+00
-1.390345742480578517e+00
-1.388300484024279413e+00
-1.386354900351304931e+00
-1.391312879293038485e+00
-1.391384858198905672e+00
-1.392036177432484534e+00
-1.384890068333582525e+00
-1.372652753382276769e+00
-1.395990471932391008e+00
-1.387057729878159229e+00
-1.353461887613123249e+00
-1.352278731609406925e+00
-1.366187350970594183e+00
-1.395405967619109289e+00
-1.331805801855454163e+00
-1.334832942408208600e+00
-1.189955428282880590e+00
-1.069735171893295034e+00
-1.210115824792528327e+00
-9.692181615695786290e-01
-9.266869806130109133e-01
-9.833463918100155965e-01
-8.222707966699381865e-01
-7.457736310427094395e-01
-7.389599116720743099e-01
-6.384025017482829467e-01
-7.051056420967278804e-01
-7.398302651632616689e-01
-5.168174521493184015e-01
-7.039443634125135407e-01
-6.821490859135362905e-01
-7.363100036314645935e-01
-6.964307037362600372e-01
-6.595324763230442366e-01
-6.823003995973437874e-01
-6.161368934478885784e-01
-6.406006799714066835e-01
-4.542089664581425712e-01
-5.544556270837087686e-01
-6.581582367518015175e-01
-6.141788829881963396e-01
-6.014436203722898222e-01
-6.365179169615423627e-01
-5.359329898746506560e-01
-5.755364753002829570e-01
-5.121449508922241156e-01
-5.766854695036249812e-01
-5.714354389566925763e-01
-5.556171763974409039e-01
-5.348622192458575286e-01
-5.756347619831799767e-01
-5.523611900420247744e-01
-6.220021949264050720e-01
-5.730206906296571034e-01
-5.360255333488457286e-01
-4.946808168109043669e-01
-4.724535242932368373e-01
-4.569447457269429913e-01
-5.355630104427041571e-01
-5.578278343707672171e-01
-5.950236596648121878e-01
-4.965025273678423945e-01
-5.601160589934175427e-01
-4.727455266783692767e-01
-5.579826594817742791e-01
-5.939830617755459397e-01
-5.343549180955969868e-01
-5.352394980880148534e-01
-5.155330328598713985e-01
-6.114199000582063448e-01
-4.979660972827306686e-01
-5.401659619148037050e-01
-5.968168496115303645e-01
-6.358623367184641495e-01
-5.554722912772901422e-01
-4.729341599186486222e-01
-6.128465844496823189e-01
-8.749727412162099371e-01
-6.352419189269117306e-01
-1.018330973258337435e+00
-5.359503497601437738e-01
-6.167595657506802498e-01
-6.543827775627265586e-01
-8.750390669014119771e-01
-6.770173911067949302e-01
-8.171941188341849127e-01
-9.528319704868021267e-01
-8.207488562321779701e-01
-8.379277204836200754e-01
-6.359419781764780177e-01
-8.773178280251089367e-01
-9.949839110813847309e-01
-7.920891283807864891e-01
-7.019907309706874265e-01
-8.526204924084523906e-01
-7.169288627209970954e-01
-7.992377241965484824e-01
-7.575808803191809160e-01
-7.784437704770751365e-01
-8.198470218478260962e-01
-9.823780302744217208e-01
-7.613094878089037287e-01
-6.648386474524883294e-01
-7.999991500352251483e-01
-6.826235904296200641e-01
-8.063316185101123690e-01
-7.445015117506330604e-01
-8.432781656947286875e-01
-8.623877864785860492e-01
-6.828159826132046417e-01
-7.224968509982713227e-01
-6.275676463993816734e-01
-9.455398929010725428e-01
-5.262007981375871335e-01
-6.877503611644848469e-01
-5.479877765593350603e-01
-5.473963624421170904e-01
-6.489279578700908324e-01
-5.898043909731638390e-01
-6.688596928907766248e-01
-6.953429778345402434e-01
-6.895662346749769078e-01
-5.723199109019415642e-01
-6.945575791278685296e-01
-5.551885112398027289e-01
-5.563457784131115025e-01
-5.733106376898537970e-01
-5.310809155947978644e-01
-5.171134271995334597e-01
-5.991123028057979694e-01
-5.770985577491863916e-01
-6.010612156276389229e-01
-5.161149432198648412e-01
-5.364228189968260896e-01
-5.147773622738918142e-01
-4.223161792359401701e-01
-5.201956517084235232e-01
-5.392315422586917428e-01
-5.224689696642436099e-01
-4.801867939418078546e-01
-5.630313945711280521e-01
-4.402833388152123661e-01
-5.450480181437895588e-01
-4.839926643038066079e-01
-5.563970936144192470e-01
-5.395604123844440769e-01
-5.834901034514651252e-01
-6.255575608300757429e-01
-4.897306628492187897e-01
-5.060647148326691269e-01
-5.029263168816756613e-01
-6.223706398934776285e-01
-6.030768187526299728e-01
-5.849839714799600632e-01
-5.257204440595961703e-01
-4.812874320634286107e-01
-5.246250098343979706e-01
-4.419613346340720561e-01
-5.031252630310407703e-01
-4.861476030116941294e-01
-4.879337822430266924e-01
-5.276434955643352076e-01
-5.054985314176790867e-01
-4.661959818782611120e-01
-5.648658460562886452e-01
-4.867107601341828516e-01
-5.044112348274230051e-01
-4.298502592478445905e-01
-4.882948649945078601e-01
-4.812982165290460301e-01
-5.227110233014663487e-01
-6.478215589941256347e-01
-5.292312517898096758e-01
-5.076180622439006029e-01
-5.096182331179505143e-01
-5.447656789203785266e-01
-4.727330940021069461e-01
-4.504362054935681092e-01
-4.461673802511529896e-01
-4.644979296998868468e-01
-4.512175278885402485e-01
-5.129398884925595592e-01
-4.719833532180234825e-01
-4.436315292076005168e-01
-4.733791597968186604e-01
-4.882940666681211961e-01
-5.548517610335338412e-01
-5.094188886608363998e-01
-4.895898857914587343e-01
-5.081534007079724358e-01
-4.492882998581315124e-01
-4.519973135846841461e-01
-5.695969039213844010e-01
-4.889233322535795345e-01
-5.139557407419971247e-01
-5.126925230871960393e-01
-4.493519584069946560e-01
-4.677706400366056227e-01
-4.948331227823226097e-01
-6.092676758201230891e-01
-5.274157540953221535e-01
-5.488152237976384740e-01
-5.887668131069009325e-01
-6.113837446518245455e-01
-5.688629198021005751e-01
-4.898520350008356283e-01
-6.349968948020811021e-01
-5.711467780866255062e-01
-4.496766851546193933e-01
-5.465145163752729296e-01
-4.876718583731617929e-01
-5.486413531926815912e-01
-5.511242839743113464e-01
-5.119877372283965222e-01
-5.127153448817527437e-01
-5.857828723002271865e-01
-5.132327965390401925e-01
-5.332369124446457720e-01
-4.290411723997498150e-01
-4.746274537789884063e-01
-4.474793894807710393e-01
-5.699975787696710539e-01
-5.043900310676230347e-01
-5.697339645934089702e-01
-5.512001032056170757e-01
-5.100135131359292417e-01
-5.337240554761816247e-01
-4.694055491939044256e-01
-4.865743444415169816e-01
-4.871405185185665454e-01
-4.103400166624984746e-01
-5.674970153041669629e-01
-5.328734052659535037e-01
-4.486782934943860379e-01
-5.112716164812600717e-01
-5.068131779143459914e-01
-5.338858213363653071e-01
-5.085566351773485039e-01
-4.487437175474804918e-01
-4.116674227277936082e-01
-5.693899984085802890e-01
-5.667280804162384555e-01
-5.260266031064345649e-01
-5.287707656579351267e-01
-4.104705607653000299e-01
-4.661370509013271213e-01
-4.849821333382198230e-01
-4.881323790946443530e-01
-6.082796857526180379e-01
-5.506901994635697850e-01
-4.449087309861359252e-01
-5.656791311792421784e-01
-5.424777587813059965e-01
-4.902493150787967102e-01
-5.486120488707250109e-01
-5.793258938995362595e-01
-5.084667976902816910e-01
-5.225149774503962119e-01
-6.256692854241164836e-01
-5.440654111621493483e-01
-5.454669907988521915e-01
-6.459398451309553701e-01
-5.439211107332245776e-01
-5.029153388863928376e-01
-5.454588847965351484e-01
-5.096334713556225360e-01
-5.853635865746159572e-01
-5.261518226682629917e-01
-5.821834177908911112e-01
-5.836806765174773481e-01
-5.406990560138453805e-01
-6.057727402859023336e-01
-5.824799011986870889e-01
-4.621033831937508829e-01
-6.380437208898566137e-01
-5.003837039715350876e-01
-5.237540077137036176e-01
-5.396404863800485785e-01
-5.386657725217746107e-01
-5.646603981693829599e-01
-5.022692094652964068e-01
-5.612086023378952682e-01
-4.791215307604880236e-01
-4.786932922628149290e-01
-4.794234959906880089e-01
-5.766293760156638859e-01
-5.968769390251619233e-01
-4.970315082744715118e-01
-6.384006959426747896e-01
-5.619152491210785971e-01
-5.932557590560892935e-01
-5.567256559116757764e-01
-4.799840064055905242e-01
-7.365795636926403267e-01
-4.441757885027439734e-01
-4.563920056224212152e-01
-4.173601013758599931e-01
-5.177123057081330915e-01
-6.323482761699305010e-01
-5.962803848169327958e-01
-6.554657863344472979e-01
-5.136913748458495910e-01
-5.369630356104828639e-01
-5.506788364234757038e-01
-5.743584934949453880e-01
-4.739600808059147852e-01
-5.186216807433813303e-01
-5.762838634836893181e-01
-3.930026086060122159e-01
-5.504615579397222902e-01
-4.914149107565670138e-01
-6.339233279821615552e-01
-5.901367136921402690e-01
-4.311425829270233989e-01
-5.951675423184336067e-01
-5.518167251618063540e-01
-6.381516025495390654e-01
-6.126494502003690945e-01
-4.937050559442358599e-01
-5.102064335501705905e-01
-4.681790362113356641e-01
-5.090059859090293459e-01
-6.279094991298955764e-01
-5.254012003430666988e-01
-5.250430690077809714e-01
-5.092665657926316314e-01
-4.689324905110616726e-01
-6.081130746637193329e-01
-6.250833300869639286e-01
-5.851944511612086064e-01
-6.062022536558926422e-01
-6.043107659777765539e-01
-5.852396035259535001e-01
-6.045047747832832385e-01
-6.687471221079127615e-01
-5.458056360638040561e-01
-5.078823654795511233e-01
-5.499149732473526120e-01
-4.427378035539737966e-01
-5.659590547849350228e-01
-7.077298476312077202e-01
-5.832743083369925641e-01
-5.814083297572480991e-01
-5.453318900619832377e-01
-5.461726235627845094e-01
-5.481391018953730709e-01
-6.248824029694425297e-01
-6.175643619194902678e-01
-5.381934893483307780e-01
-4.778154152481909889e-01
-4.812531138959513788e-01
-5.794966162240374752e-01
-6.811192785807479444e-01
-4.977847522625357124e-01
-5.779688821393862419e-01
-5.190135214659357121e-01
-4.971785911057268192e-01
-6.598308922067651627e-01
-5.805167983534849085e-01
-6.429813086460631766e-01
-6.398505922767592224e-01
-4.978266809885792399e-01
-5.370091030007639876e-01
-5.789625987919376771e-01
-5.727843942653143561e-01
-5.784631740073682415e-01
-5.552588040567204564e-01
-5.391721602528588564e-01
-5.758550237558859308e-01
-5.558930547577801695e-01
-6.008003230319768351e-01
-4.943762337787442340e-01
-5.774909031447235108e-01
-5.143528627669273767e-01
-4.977176554092181404e-01
-5.946652708843462865e-01
-5.501045923135957638e-01
-5.922752335221549425e-01
-5.712525789121658537e-01
-5.143798490113554722e-01
-5.311812840200027530e-01
-4.718415993614509807e-01
-4.149767093973630305e-01
-5.326398480895769838e-01
-5.328641453354384661e-01
-5.156979223278486124e-01
-4.481323475372919196e-01
-5.154155604241215105e-01
-5.489078338300606985e-01
-4.511780173982949393e-01
-4.888566098938857407e-01
-5.709604130034400260e-01
-4.918009496920009993e-01
-6.087530847398349154e-01
-6.110639749619639627e-01
-6.299594589960498814e-01
-5.099780924963804862e-01
-6.102633647104007686e-01
-5.707573653063273689e-01
-5.316234246680986431e-01
-4.904339212535910320e-01
-5.912156075660628396e-01
-5.909608655524195564e-01
-5.465355138449722316e-01
-6.094770692605251394e-01
-5.319002281448390601e-01
-5.888350298218171242e-01
-5.289927238871268145e-01
-5.891765536488143828e-01
-4.313253887475213544e-01
-5.057001077501862563e-01
-5.082970087285358929e-01
-5.717520734406230654e-01
-5.086656927733428368e-01
-4.498825519459818678e-01
-5.300879643563036758e-01
-5.087793892773491145e-01
-5.492389336071541450e-01
-4.874155952492520982e-01
-5.289236120555108611e-01
-4.481961723817177168e-01
-5.079930976984777802e-01
-5.889111621421317944e-01
-5.073538993176739398e-01
-4.681179429384882962e-01
-4.240483804803220624e-01
-5.698963702414541199e-01
-5.069075762923754835e-01
-5.084375963713604341e-01
-5.457462561084843733e-01
-4.843460912840975574e-01
-4.638187385262584894e-01
-6.480828811704700820e-01
-5.674832121014927733e-01
-5.453700485405108545e-01
-6.473529739481100886e-01
-5.249143884655480541e-01
-4.627577633203225349e-01
-4.600721334523583117e-01
-5.033263490075611246e-01
-5.052926118787958165e-01
-5.459752036604146319e-01
-3.819007232729352275e-01
-4.210906359966152257e-01
-4.223083487392759738e-01
-6.075705392430540419e-01
-5.088018038625820028e-01
-5.853357384952889708e-01
-4.671634254275380815e-01
-4.408844861339447085e-01
-4.014024448498473285e-01
-4.639539243404984803e-01
-3.828370312706110834e-01
-4.671769892585321826e-01
-4.430632337877299931e-01
-4.833280372333031982e-01
-4.627464726477430457e-01
-5.497893070891791689e-01
-4.841756808181405525e-01
-4.617974534461251057e-01
-5.044842834385220298e-01
-5.024363726382597983e-01
-5.649869086260906892e-01
-5.618749174105004407e-01
-3.819411090110241824e-01
-5.437205945608589719e-01
-6.112024079022052581e-01
-4.842124798976060740e-01
-4.230506698304485336e-01
-6.077920212468164163e-01
-4.639922217544523719e-01
-4.430315533465064015e-01
-5.619378929414754476e-01
-5.028081611612936763e-01
-7.316473163744469099e-01
-5.440452250606382378e-01
-6.662286059601311150e-01
-6.265405824084795405e-01
-4.658480302528136829e-01
-7.084171248278211541e-01
-5.692098533772674829e-01
-6.258092712908147615e-01
-4.420376717787584675e-01
-5.873519155962746430e-01
-5.446311369919230039e-01
-5.625770846271321846e-01
-5.654998657389537220e-01
-6.499342226854681881e-01
-5.028669451959423276e-01
-5.628533046041226395e-01
-5.252995349337886699e-01
-4.618134408363029908e-01
-5.230804333025691477e-01
-6.268016392633243283e-01
-5.008705672341259296e-01
-5.209251225644744299e-01
-5.005604987327327837e-01
-6.083168421015470173e-01
-5.629703186125231129e-01
-4.995270086009205301e-01
-4.646654830610122411e-01
-3.981519447764705899e-01
-5.417508751944017931e-01
-4.618826041251897219e-01
-4.802194485281113256e-01
-5.426736603502197998e-01
-6.055295033082171985e-01
-5.239312530726500938e-01
-4.801347811629795848e-01
-4.601045377073482157e-01
-5.820727532380469693e-01
-5.844549538930743360e-01
-6.434536829710661987e-01
-4.648484630033202780e-01
-5.453794664846838280e-01
-4.393808231780231277e-01
-5.003265893374659878e-01
-6.278129659901339199e-01
-7.919811422075394569e-01
-5.022008686084380447e-01
-6.300151161326394966e-01
-5.065484947403149363e-01
-5.023378584414068815e-01
-5.462281701216539220e-01
-6.055478839899293142e-01
-6.647157934272651669e-01
-4.818923459856849778e-01
-5.639160863049204053e-01
-4.990774795496594751e-01
-6.003142841562504328e-01
-5.051008888683415909e-01
-6.895434006055427556e-01
-4.824188034537475467e-01
-5.639978784173603765e-01
-5.041175140498930229e-01
-5.218149063889540029e-01
-5.212723141185449105e-01
-4.778296454761068457e-01
-5.648855291491831077e-01
-6.467841883014187054e-01
-5.010793867541765145e-01
-6.016508359507123371e-01
-5.214087627086528842e-01
-5.988057149821512937e-01
-5.221627478946309076e-01
-4.826444248520740943e-01
-6.433373618115660886e-01
-6.419395393666627037e-01
-5.600811474210700691e-01
-4.402259771713872283e-01
-4.801973505625388716e-01
-5.396667637345122781e-01
-7.642528960884555911e-01
-6.449445455498502566e-01
-4.784512646649135559e-01
-6.019211213261201898e-01
-6.024556355395094265e-01
-6.094056670529706121e-01
-6.260376085337481245e-01
-5.446389228774871638e-01
-5.857411572151375312e-01
-6.038257720897655112e-01
-5.020143284782164761e-01
-7.549862804564519969e-01
-6.240178715201595283e-01
-6.434370054134642691e-01
-6.460806749935465998e-01
-6.272823946319693311e-01
-5.449442150338089652e-01
-6.681250148752415630e-01
-6.031546389438853240e-01
-8.114324064873096320e-01
-7.090591075524079745e-01
-4.812374792850256933e-01
-6.646433855851061612e-01
-6.037066766998177014e-01
-6.286395844192099736e-01
-6.667914592809807139e-01
-5.606662804805183642e-01
-4.992706876607032052e-01
-6.905980182443189896e-01
-6.237606048062415143e-01
-7.698318105212585971e-01
-5.842648706364819144e-01
-6.075659580875807375e-01
-7.726010429668636048e-01
-6.272495033435940837e-01
-6.029604045880594398e-01
-5.383935422431446183e-01
-8.386368464069258177e-01
-5.252535826222168858e-01
-6.510908379036201010e-01
-8.953189707567755784e-01
-7.719225006650702881e-01
-5.226900770147290265e-01
-6.445177849472288889e-01
-6.873498126216042170e-01
-6.030283500464145297e-01
-5.246833899570660931e-01
-6.479592123206961984e-01
-7.300197965525683230e-01
-5.450025866494342397e-01
-5.224821264183290292e-01
-6.508957139026559924e-01
-7.542758012027509507e-01
-5.443515260262898892e-01
-9.312025938641735889e-01
-6.846076668301566137e-01
-6.095154570057198518e-01
-5.855839624493108797e-01
-6.340496174918295313e-01
-7.296099117245098409e-01
-6.864398580784680792e-01
-7.677114853079571866e-01
-7.513511947354470921e-01
-6.228096187173989273e-01
-8.137973852115646389e-01
-7.108256848734102462e-01
-8.297838849067942224e-01
-5.864974800025162249e-01
-6.289227194744761995e-01
-6.953255760963169552e-01
-9.351767327774850314e-01
-5.036234981577476510e-01
-8.370997821479242429e-01
-6.661320439648212854e-01
-6.217923349888349049e-01
-6.241956569385681552e-01
-6.669276802457035913e-01
-7.893958084481887960e-01
-7.365581235899858470e-01
-7.468231675303188544e-01
-7.121538894987696766e-01
-7.962874324082676036e-01
-6.089617129853163169e-01
-5.858917100146801005e-01
-6.309878141557877518e-01
-6.429851629606087027e-01
-7.265393331475122896e-01
-5.475306313603188757e-01
-7.541716993225036081e-01
-7.480312949686662716e-01
-7.959042173652853824e-01
-5.620493341911219076e-01
-9.010469568129901852e-01
-6.293744329468025089e-01
-7.682117846264564509e-01
-5.411526379148797750e-01
-7.304332345872781573e-01
-6.075477465117146147e-01
-7.709524894922452631e-01
-8.093919695112036239e-01
-6.711698293128285364e-01
-6.285079748906778896e-01
-5.205579917110183530e-01
-6.702456058412401552e-01
-7.683893499931435667e-01
-7.322073996148832364e-01
-6.263005093122778755e-01
-6.460087730688661711e-01
-6.666389324112889092e-01
-7.101217051983275130e-01
-7.136960264416514210e-01
-7.697191856429284051e-01
-7.748149477048393852e-01
-7.036127121011075403e-01
-7.088244387911980526e-01
-4.986927968199318384e-01
-5.640932359539914120e-01
-6.880025518896961678e-01
-8.536102174622629546e-01
-5.815948740946736972e-01
-6.686058648277952710e-01
-6.945369668684234776e-01
-7.959238119855051030e-01
-6.902532684885150926e-01
-7.319609998608650470e-01
-6.902805896219291748e-01
-6.453911511939109946e-01
-8.338478927534436203e-01
-6.436773230532140122e-01
-5.225808176218200707e-01
-6.067005759470881499e-01
-7.082204286074091915e-01
-5.415190767951512107e-01
-5.834782878119169069e-01
-6.039275427436066046e-01
-6.039142788323758060e-01
-5.022489392451644497e-01
-6.911134166208288132e-01
-6.224318541801145965e-01
-5.031813149720036904e-01
-6.479674556096201021e-01
-5.035642225937057015e-01
-7.295749681937442332e-01
-4.628321593690001290e-01
-6.239162111505108799e-01
-7.576530787330773009e-01
-6.657778220577530437e-01
-5.824377668133237096e-01
-4.615147250268097912e-01
-7.450350271585128858e-01
-7.512152956608951770e-01
-4.409236955931081781e-01
-6.432922438427759460e-01
-6.882224248627224483e-01
-6.473826430293818657e-01
-6.440959679525863901e-01
-5.442300181619244004e-01
-6.648905205233144322e-01
-6.646373619579926117e-01
-6.236632844287608446e-01
-5.826219560175470713e-01
-6.427558936419538460e-01
-6.055188999164713426e-01
-5.596765152883673711e-01
-4.635239672415290557e-01
-6.258953891370683253e-01
-6.048083769594059245e-01
-5.815142010026486119e-01
-6.495907318061279190e-01
-6.863494697074795647e-01
-4.785710195025905112e-01
-5.616380168804834261e-01
-6.670980216116043637e-01
-5.994006518010782658e-01
-7.257697884194795890e-01
-5.403549693396167974e-01
-6.488392006885271845e-01
-4.384078144935983357e-01
-6.846720532208702137e-01
-6.243453079619295520e-01
-5.231044694077749968e-01
-6.026349370847297049e-01
-5.633262007538855087e-01
-6.668412617633091566e-01
-6.878787448286201034e-01
-4.806186758033925144e-01
-5.663967628429924517e-01
-6.744513533063686284e-01
-6.021956819242753056e-01
-6.435400465258865887e-01
-4.596415404658427128e-01
-4.388174285712365674e-01
-5.030445701638057709e-01
-6.238746136257116159e-01
-6.490717606062966771e-01
-9.106816926033545201e-01
-6.629372668353518128e-01
-6.042491723982357232e-01
-5.461954074484353105e-01
-4.393684672753748743e-01
-4.813575112839993397e-01
-6.477032735959297183e-01
-4.587488343094696108e-01
-6.082133131825298022e-01
-5.815223242639506740e-01
-4.396465875463991257e-01
-5.651984931726413697e-01
-5.452969591418217465e-01
-5.446074051974916230e-01
-5.027264381100365886e-01
-5.621998551113299714e-01
-5.426766270393672542e-01
-6.076985696595733621e-01
-6.276582275417816881e-01
-5.371171788061386287e-01
-5.629158666030629199e-01
-6.293210162252065309e-01
-5.651851646445811284e-01
-5.210347858581833025e-01
-4.405988462090551505e-01
-6.065778496278881882e-01
-5.238269954374780157e-01
-5.029634805984373180e-01
-5.223146763600056142e-01
-5.438174368164108152e-01
-5.444283692338932612e-01
-5.620222143257238567e-01
-6.434942156468950181e-01
-5.641459128633582454e-01
-5.640359154125007546e-01
-4.826699039710608541e-01
-5.436437470546905404e-01
-4.205366182707270806e-01
-6.270025697635244200e-01
-4.995988852546105474e-01
-4.644656641681526588e-01
-4.615947971829996721e-01
-5.007827106409056261e-01
-5.234303987307670214e-01
-4.213758587541422962e-01
-4.013769269285375474e-01
-5.444512752347016038e-01
-4.808652636032345606e-01
-4.437774348658845014e-01
-4.194355920700943430e-01
-4.858330468472922825e-01
-4.594862511382100112e-01
-5.024894198168990966e-01
-4.435124467223770517e-01
-5.238827276564552715e-01
-4.811558503510118268e-01
-4.212672039534499091e-01
-4.839773972073857511e-01
-4.646300559394558327e-01
-4.606600074705047843e-01
-4.863495807338247823e-01
-5.243272934074765246e-01
-4.009683502376704678e-01
-4.859743686480739733e-01
-3.782325305515308878e-01
-4.403804866721055533e-01
-5.445525201982142072e-01
-4.820579369212813492e-01
-5.233151249492064006e-01
-4.595995783642443100e-01
-3.811353868401446410e-01
-4.229141928137326034e-01
-5.822657409165176157e-01
-4.826553655197639014e-01
-5.039176234984951153e-01
-4.859442574744496368e-01
-5.037287249627317998e-01
-4.818268487194618532e-01
-4.633885752743733821e-01
-6.499137720785433947e-01
-4.624459271439940733e-01
-4.609808596041073958e-01
-5.025787558391934251e-01
-4.033665489322194597e-01
-4.453394904865454196e-01
-4.634000395981754949e-01
-4.622600937449509173e-01
-5.055302453964730658e-01
-4.421910478836678648e-01
-4.056403529171190292e-01
-4.854288845324776780e-01
-4.247352300327792429e-01
-5.004046122852753298e-01
-4.606257660186020564e-01
-4.455792112451934517e-01
-4.647017244907785116e-01
-3.839093891295289884e-01
-4.830716280028488629e-01
-4.646042703297687537e-01
-3.846633033441541616e-01
-5.073034675788083980e-01
-4.248042026997794207e-01
-4.645810832617873198e-01
-5.433802497979141055e-01
-4.608280184184894712e-01
-4.248245810832515512e-01
-3.809005031551905840e-01
-5.051806545850101582e-01
-5.029331535467100878e-01
-4.829735505335267520e-01
-5.046768721833490012e-01
-4.619558865229600464e-01
-5.061313973207619554e-01
-3.617479282740926894e-01
-4.425969206166815439e-01
-6.315672662609999044e-01
-5.457887572066802973e-01
-5.023829111118588431e-01
-3.852868712627129932e-01
-5.453475580344195883e-01
-4.449745959557222519e-01
-4.616795298551095716e-01
-4.638485334370395785e-01
-4.835865038427675788e-01
-4.234696755493913556e-01
-4.708606447217295599e-01
-5.081463203973380915e-01
-4.274109724914583186e-01
-5.029501106656866227e-01
-4.893012994672283344e-01
-4.858279293237817709e-01
-5.249009954864624072e-01
-4.275360910288197869e-01
-4.863537290229077437e-01
-3.624181465504185962e-01
-4.866110083968384625e-01
-4.445907562813150582e-01
-5.884116681109310409e-01
-4.464581302779659366e-01
-5.049630244161020798e-01
-4.835995287502706241e-01
-4.251935408677411932e-01
-4.461381644261129265e-01
-4.446114579343751205e-01
-4.064706649233834068e-01
-5.283903640782842137e-01
-5.082546280928290638e-01
-4.821943514064260805e-01
-5.867039851269105766e-01
-5.674040694240826133e-01
-4.881092578368871893e-01
-4.023692880541565597e-01
-5.058632434687327928e-01
-4.663233659808977971e-01
-5.019704627502250549e-01
-4.672015406839446494e-01
-4.483053065825918782e-01
-4.227874397069338874e-01
-5.037038386325890515e-01
-4.867217251231927277e-01
-5.687655050124837963e-01
-5.468248713355119417e-01
-4.296007799242752001e-01
-4.870173408597218145e-01
-5.249594703137774321e-01
-5.078282940367387921e-01
-5.475903160738638809e-01
-5.264791967556480268e-01
-5.510835563396374592e-01
-6.074816831146843121e-01
-4.248990862381900602e-01
-4.251470191355902206e-01
-4.886829078057315923e-01
-4.024949509152598859e-01
-4.442943222510959411e-01
-5.221721691738313575e-01
-5.047597080249851542e-01
-4.425977553237819273e-01
-5.087069165469788601e-01
-4.461738180396018771e-01
-5.844004556800661554e-01
-5.470429226925823674e-01
-5.446536403687423089e-01
-4.638352204704749848e-01
-4.889789062100362571e-01
-5.059819673503984649e-01
-4.654510586419605134e-01
-4.255951300860967290e-01
-5.244357755471544813e-01
-4.843921454810535265e-01
-4.250270712423355191e-01
-4.412465162943760566e-01
-5.262435144067574289e-01
-4.454270345937726971e-01
-4.852694679066999472e-01
-5.459704050716291945e-01
-4.843472856533367343e-01
-4.406156195799852959e-01
-4.656553913768797237e-01
-5.226799955664790387e-01
-3.817134228281069408e-01
-5.458156243831217003e-01
-5.235973722316578094e-01
-5.049081582963649284e-01
-4.238763247327481110e-01
-4.612252521879278699e-01
-5.467431624439340609e-01
-4.618134802792197013e-01
-4.827670794446625169e-01
-5.692030686279935248e-01
-5.248289030177493153e-01
-5.091113670670480706e-01
-4.818542199715986629e-01
-4.428206090211350698e-01
-4.438094001696082369e-01
-4.802827851114202518e-01
-4.636911043492469853e-01
-4.255764742233714149e-01
-5.670396230690701866e-01
-4.611507123972844457e-01
-4.645545006764647544e-01
-5.636762676439560638e-01
-5.438330728499607414e-01
-5.235569630877000558e-01
-5.682989536147012855e-01
-4.229376950576094751e-01
-4.267647503337240744e-01
-5.656435902685342798e-01
-4.241197132082525356e-01
-4.840675447113521046e-01
-5.268905901106613054e-01
-5.232023322068226623e-01
-5.034422842921271180e-01
-4.829655727153882583e-01
-3.994290929622300035e-01
-4.014539391423379566e-01
-4.822676912956075923e-01
-5.262423241908136262e-01
-5.638161869685575089e-01
-4.632482189262267513e-01
-4.817824497937807648e-01
-4.840926667361595825e-01
-5.448298238634099455e-01
-5.434607060710343607e-01
-4.054795933364808147e-01
-4.825662570923123229e-01
-5.831054827326910273e-01
-5.259830597054389045e-01
-5.226085868420194958e-01
-4.027152381580576535e-01
-5.257328926751259068e-01
-4.598124509977742358e-01
-5.251032021124515392e-01
-4.840724079996740481e-01
-4.814560085481133234e-01
-5.022650525144196632e-01
-5.252141113362254199e-01
-6.054096206869690189e-01
-4.825265414786389928e-01
-4.825471382685643240e-01
-4.610491259368865169e-01
-4.425211809383748918e-01
-4.838514697898339545e-01
-5.010211161390659695e-01
-4.430838855509033336e-01
-5.447375501491111827e-01
-4.424391825078235474e-01
-5.234196517957437900e-01
-4.777860308060375982e-01
-5.430622329067064102e-01
-4.615888660933979981e-01
-4.624654492821780316e-01
-5.042841713107284463e-01
-4.447868177074867369e-01
-5.471012760171184430e-01
-4.418370146603220472e-01
-4.236840772451857529e-01
-5.033099036614968602e-01
-4.417075505557465087e-01
-5.050319980382848017e-01
-5.220011214122621812e-01
-4.998545322333553531e-01
-5.028543307311791333e-01
-4.181763462425744371e-01
-4.615119003460443348e-01
-5.008485381675970016e-01
-4.862930636610968138e-01
-4.621044870812140437e-01
-4.436942148476984982e-01
-4.626180892783275378e-01
-5.449572521848348172e-01
-4.617986253581558009e-01
-5.256380880613840123e-01
-4.428442765349033805e-01
-4.181864582529853935e-01
-4.634283657415090296e-01
-5.066971238511221998e-01
-4.812061061486989644e-01
-5.829866514747878981e-01
-5.012187595608224022e-01
-4.617710219532035198e-01
-4.226338627939082437e-01
-4.635826744125480792e-01
-4.395095488026173891e-01
-6.053884828248555783e-01
-4.215057992342396975e-01
-5.064216382593170751e-01
-5.247208769673339379e-01
-5.430681900971378040e-01
-4.425204870202750218e-01
-4.644366963420071825e-01
-6.045097981185308944e-01
-4.456989261641914890e-01
-4.613888037027381595e-01
-4.427240604972197957e-01
-4.413746238851514181e-01
-5.400847319636663535e-01
-4.808093136220765729e-01
-4.387843134042311299e-01
-4.036039677122993385e-01
-4.624483026822350795e-01
-4.781785058057771987e-01
-4.400072048294536020e-01
-4.205676816616690239e-01
-4.824400477958218358e-01
-5.635504445613329638e-01
-5.037870352913259575e-01
-3.993828523011000442e-01
-5.201995490207316220e-01
-4.423765795936189793e-01
-5.642852811904950361e-01
-3.987360834308614765e-01
-4.387584803656321975e-01
-3.997297221363443342e-01
-5.251768171084941761e-01
-5.007525036595423806e-01
-5.028553983477053180e-01
-5.017002040382302352e-01
-4.596505554079839406e-01
-5.212765496499401907e-01
-5.214651542800937678e-01
-3.787505990945366219e-01
-5.859483683705464241e-01
-5.400618276603076362e-01
-5.611381205659586868e-01
-5.417487631672709414e-01
-5.809590230112562370e-01
-5.391691041496583514e-01
-3.776388390129225558e-01
-4.622720867248430454e-01
-4.611889269748993825e-01
-4.216830281123181701e-01
-4.827438568056463541e-01
-4.222350607966426916e-01
-5.212901495319595124e-01
-4.616793220825168298e-01
-6.414083783607185119e-01
-4.806814866769381078e-01
-5.227267649670768179e-01
-4.381355516095183367e-01
-5.817346074552081081e-01
-5.024193484337300397e-01
-4.414279154582565479e-01
-5.633870236054225877e-01
-5.017186554981560853e-01
-4.999377873639324621e-01
-4.994742642482674633e-01
-5.051467099776808523e-01
-4.385483819458111943e-01
-4.962384191100157604e-01
-6.021156198981418850e-01
-5.209756260978241071e-01
-4.811342390452996720e-01
-4.594650257946208405e-01
-4.186042123515339441e-01
-5.201981139051595759e-01
-5.428128537569114620e-01
-4.200924895456955022e-01
-6.632717333569563278e-01
-4.608086350748140103e-01
-4.615623355587439303e-01
-5.834854182824712465e-01
-4.406834113795373153e-01
-4.826398816059833119e-01
-4.420983202420202263e-01
-5.246152503831217340e-01
-4.403885962948300703e-01
-4.229419385473617843e-01
-5.412323092656717849e-01
-4.411804828517639776e-01
-4.386058867462721556e-01
-5.039461411774617261e-01
-4.781577661420400305e-01
-5.030174734139611914e-01
-4.819444791664634908e-01
-4.797297786479375326e-01
-4.988124221856384821e-01
-4.384275371834341906e-01
-4.808980073782677112e-01
-3.619928908361585984e-01
-5.449156858764118150e-01
-4.806917570535189643e-01
-4.817832445798772012e-01
-4.819492962587421103e-01
-5.020963964847910965e-01
-4.418567237698211025e-01
-4.578331701162723366e-01
-4.397812478760026456e-01
-5.202778482736701848e-01
-4.382699242081912194e-01
-4.599106527309093084e-01
-4.228425251573020849e-01
-4.626049937765037701e-01
-4.624099759065011805e-01
-4.216263595773297457e-01
-4.391410854271964315e-01
-5.227246564343165369e-01
-4.184496200177861280e-01
-4.619139473417360753e-01
-5.428026809480274162e-01
-4.623930268269655364e-01
-4.831104368909768243e-01
-5.010489992618412103e-01
-5.223436822676447155e-01
-3.995739990245260609e-01
-6.023916656973542505e-01
-4.623603518229665310e-01
-5.232689944262461923e-01
-5.418726678556280429e-01
-5.027082106206209877e-01
-5.446131642801887995e-01
-4.182265051984628279e-01
-5.421158227269280427e-01
-4.756720858476870539e-01
-5.046124893407385459e-01
-4.007648319795197311e-01
-5.412855463450082505e-01
-4.393144965471386665e-01
-3.988297139842278405e-01
-5.401532544997974528e-01
-5.037224855337193441e-01
-4.624815514042942555e-01
-4.782936966023356162e-01
-5.636027928679410159e-01
-3.786335687362006874e-01
-5.423752749603424350e-01
-5.593133397688779818e-01
-4.637399538869345639e-01
-4.411992582508748595e-01
-5.420929081432435126e-01
-4.621318663347121491e-01
-6.610939421975534636e-01
-5.578325741171475949e-01
-3.820663180490327937e-01
-5.610448548751312270e-01
-5.215528894734168253e-01
-5.792226449210974293e-01
-5.868799743973095451e-01
-6.231426264007516869e-01
-4.582667732800940197e-01
-3.996404221351613772e-01
-4.804260173643097320e-01
-6.158409127101658331e-01
-4.820855407325483899e-01
-4.408403023801604204e-01
-4.621231172392543107e-01
-5.642028204568054761e-01
-5.009565426626187978e-01
-4.988460250683350306e-01
-4.808147322700081494e-01
-5.207929979295105039e-01
-5.398321986356446889e-01
-4.822287851528271330e-01
-6.494847402146534110e-01
-5.820202227060886635e-01
-5.838487050577597648e-01
-4.802653974538857451e-01
-5.826834314416858840e-01
-4.572842440380562312e-01
-4.012390759027578691e-01
-6.419993309576896845e-01
-5.230013317045585364e-01
-5.210820323571819790e-01
-5.013942585945626584e-01
-5.226158949892469874e-01
-4.792164842410427394e-01
-5.215705570940574187e-01
-4.396352506878319355e-01
-5.819290196762123557e-01
-4.789779361577229388e-01
-5.422695631846746744e-01
-5.222000685373232587e-01
-6.680667532155741828e-01
-5.416880305561927456e-01
-5.014970865142246437e-01
-5.255102920009010470e-01
-6.269023953438519481e-01
-4.598837240471276289e-01
-5.208683593709776405e-01
-5.387755577522786998e-01
-5.206200458728972302e-01
-5.834230623822278528e-01
-5.857936374903203181e-01
-4.790084978331193843e-01
-5.387914602362438021e-01
-5.390201692313846271e-01
-5.416435293566180809e-01
-4.581296674983841855e-01
-5.010386762311066500e-01
-4.775068465722517308e-01
-4.382112469232973817e-01
-5.636769059132233917e-01
-5.008007081087909595e-01
-5.636672635528952036e-01
-5.621713868981290663e-01
-5.433587442306548887e-01
-5.599642992327398261e-01
-5.801445001869308671e-01
-6.244747598765122421e-01
-5.622654599121057473e-01
-4.391439465243600071e-01
-5.011430257967830482e-01
-3.983801001968694799e-01
-4.832948149069110078e-01
-6.023042621037831834e-01
-5.441292351111539638e-01
-4.010044771938774399e-01
-5.011332711891889335e-01
-4.623154630541457255e-01
-4.001735304694835071e-01
-5.434386331099552159e-01
-4.984799391232186405e-01
-5.044811944342825205e-01
-4.799916427993843882e-01
-4.195403960023428858e-01
-5.424653991017591714e-01
-6.301821390281456825e-01
-5.058396990730291698e-01
-4.810133005744240409e-01
-5.832883481311789131e-01
-4.829287620278208681e-01
-5.040057310982107852e-01
-6.055020686832408572e-01
-4.790090969938285981e-01
-6.236284762752075661e-01
-5.440204978129038471e-01
-5.680857879588357973e-01
-4.212751396826759365e-01
-5.022063788919309824e-01
-5.444304804872239778e-01
-4.613456513158195604e-01
-4.414751494308281621e-01
-5.219569427526432603e-01
-4.188645141203783395e-01
-4.382308916969611667e-01
-4.822451245576124257e-01
-5.430205802623810918e-01
-6.410597041718130162e-01
-3.958735987098691567e-01
-4.578831471415496512e-01
-6.015332651100393502e-01
-4.408293997817577248e-01
-4.621814501099701378e-01
-5.045155019011616782e-01
-5.840060454762597830e-01
-4.412796266811390145e-01
-4.822850483747263550e-01
-4.622411588305420094e-01
-4.222675195715174801e-01
-4.614911967756096245e-01
-4.829836390382311051e-01
-4.594426914775967541e-01
-4.445534866639502258e-01
-4.409912383448027495e-01
-5.434723801101621898e-01
-4.784539231395468772e-01
-4.619874222706857880e-01
-4.808698898693119506e-01
-5.052272350641239251e-01
-5.025869993282815473e-01
-4.810437001670433421e-01
-5.402121434564626234e-01
-4.849496634123117156e-01
-4.823970682396350185e-01
-4.424066997942969204e-01
-4.626941435677594527e-01
-5.030129927340825091e-01
-4.410376964892378515e-01
-4.438188759490958590e-01
-5.259994724659419196e-01
-4.847667910009776926e-01
-5.449629803132270967e-01
-4.640318101217448810e-01
-4.856879912050616199e-01
-4.646657317042559021e-01
-5.619276271363038422e-01
-5.045992366938787388e-01
-5.036365142908434400e-01
-5.262762264447262694e-01
-4.652338151198431304e-01
-4.870364023495061256e-01
-5.446160748387604000e-01
-4.455844179701734520e-01
-4.240478435618628139e-01
-4.470882849725238972e-01
-5.462647597444083569e-01
-5.053202931405780252e-01
-5.231629482920032714e-01
-4.473279756241392291e-01
-5.656954475026696461e-01
-5.272531645655612609e-01
-5.668906798164595751e-01
-5.873686713733319298e-01
-5.447864734316042457e-01
-4.236825448526216897e-01
-5.891915656010473512e-01
-4.661127163019237463e-01
-4.619850840066285769e-01
-4.869913131829737285e-01
-4.861297600378647887e-01
-6.259106619157212004e-01
-5.684144834767876908e-01
-5.871507804283576659e-01
-5.059569511644519402e-01
-4.893679255031171405e-01
-5.290801536711360331e-01
-4.846546215498021559e-01
-3.850868978186213210e-01
-4.852564132680261544e-01
-4.663045828776858914e-01
-5.077630542843269978e-01
-4.819381583917119460e-01
-5.259894051507281176e-01
-5.454263653445793336e-01
-5.059802139083133810e-01
-5.256876227265419033e-01
-5.255626124759390505e-01
-5.497978508975109868e-01
-4.897794463510575791e-01
-5.640828292427508828e-01
-4.865193637795463544e-01
-5.095754792952827961e-01
-4.482246416652042598e-01
-4.655994844788706177e-01
-5.469253253729672304e-01
-5.257686495884470457e-01
-4.870035646986830558e-01
-5.040357932974874888e-01
-5.274669135546257159e-01
-4.839569324170100995e-01
-5.480787906167642332e-01
-4.833862602259146324e-01
-5.438786948303665492e-01
-5.270497126266578958e-01
-4.855148343814139622e-01
-5.203048990988456968e-01
-5.481535164160035167e-01
-4.848040325206370849e-01
-5.478644971030732780e-01
-5.238357239876020310e-01
-4.833048074777540615e-01
-5.035473977567349602e-01
-5.633965091418712268e-01
-5.040061745545060257e-01
-5.451541708605976977e-01
-5.669256165835880878e-01
-5.232947773354663656e-01
-4.625259397548083240e-01
-5.828319328249887965e-01
-5.628832522426607810e-01
-4.637728899347887679e-01
-4.852997318452918485e-01
-5.231104194038663779e-01
-5.045402594221886083e-01
-4.840894124791115805e-01
-4.823988921207355007e-01
-5.410031773065844263e-01
-4.425797519519604761e-01
-5.229910988734741695e-01
-4.405522381820775601e-01
-4.807914256063715031e-01
-4.848167094582426229e-01
-4.853800156781384878e-01
-5.856419789272403476e-01
-4.602761393955838720e-01
-4.398528578220412544e-01
-5.818604491503301945e-01
-5.038039979331671026e-01
-4.832534297637639531e-01
-4.647979783309462154e-01
-5.036841053826641712e-01
-5.424938842490830693e-01
-4.402558897610149291e-01
-5.412663247912731235e-01
-5.006549894464686901e-01
-6.217332021331777314e-01
-5.016097246474451321e-01
-5.026577214976123420e-01
-5.623513018335948299e-01
-4.191955820236248909e-01
-4.812179792298877379e-01
-4.226484183687596041e-01
-4.618879796599214549e-01
-4.386894278322419627e-01
-4.406807770215886433e-01
-5.427357183240379968e-01
-4.984263608446342642e-01
-3.981621168581451764e-01
-4.399425786172905806e-01
-5.226510004207161053e-01
-4.821282404122059773e-01
-4.592007321394362407e-01
-4.989787616515888313e-01
-4.197999009159757988e-01
-5.413131038596550315e-01
-5.437043637385857719e-01
-4.178839336937584803e-01
-3.774313834075819774e-01
-4.609499219552993243e-01
-5.245279677099545790e-01
-5.017296678096725415e-01
-5.434531598020114762e-01
-6.203986829554061222e-01
-6.397080525724418987e-01
-5.825079171735353389e-01
-4.596969521415270599e-01
-4.413358949385322028e-01
-3.593491392117414973e-01
-5.193232969929666432e-01
-4.794598672720565835e-01
-4.404745570512219044e-01
-5.412146730837769093e-01
-4.789341456676405873e-01
-5.034542565922062174e-01
-4.582218282603072734e-01
-4.581860514813588803e-01
-5.588593336941630740e-01
-4.197418998688952074e-01
-5.467656611816407164e-01
-5.189606314295152067e-01
-5.211254731638738091e-01
-5.382954933937100783e-01
-4.611708197455222091e-01
-4.583457941614312858e-01
-4.384230450028918646e-01
-5.164758457190433694e-01
-4.376044641730787998e-01
-5.621217608012128997e-01
-4.591295620662840804e-01
-4.991690144935618800e-01
-4.564015924225659493e-01
-4.629967643056561166e-01
-4.574442854363725552e-01
-4.801412438921308090e-01
-5.616108876325145438e-01
-5.239553154098995913e-01
-5.017075725037243306e-01
-5.005406027920726864e-01
-4.394869026081261731e-01
-5.198479199869447953e-01
-5.222448401700078291e-01
-5.404856174137068203e-01
-5.414181258030025257e-01
-4.619687854614786260e-01
-5.232997709555845534e-01
-4.811027749234219053e-01
-4.788326813994061570e-01
-6.050907876801416840e-01
-4.217805616303634264e-01
-4.613871515216634300e-01
-4.817770676137883568e-01
-5.045102848292457587e-01
-5.028146645754989486e-01
-5.061908463476506581e-01
-5.030327397885658858e-01
-4.203155390947693193e-01
-4.255481849221985913e-01
-3.809933826703877369e-01
-5.452314328861738169e-01
-4.214946673532172228e-01
-4.017511050680353524e-01
-5.064380160405482778e-01
-4.635510828300830610e-01
-5.661680607808862176e-01
-4.408505970630987592e-01
-4.207298537643883174e-01
-5.237078644333890143e-01
-5.267195195253931983e-01
-5.242955406222840065e-01
-4.871691577030001219e-01
-5.467011540641409928e-01
-5.271388035438039354e-01
-5.259590854681688299e-01
-5.067968994590067444e-01
-4.866851221846270059e-01
-5.669409118441406381e-01
-5.080210834104397222e-01
-5.829268981514426073e-01
-5.257897773340372005e-01
-5.666960793983771838e-01
-4.625100405187675401e-01
-4.842389852341703604e-01
-5.464941612488177780e-01
-4.861438173098618920e-01
-5.257587761270139382e-01
-4.835377574465564154e-01
-4.990706008789031478e-01
-5.050714739577428780e-01
-4.385541118006235917e-01
-4.249766675711028618e-01
-5.478479996228692306e-01
-5.033043978781059913e-01
-4.999811621668670547e-01
-4.890315153392857384e-01
-5.445631093728566796e-01
-5.245589899646009302e-01
-5.029959225705389336e-01
-5.434941654802077915e-01
-4.435160912546597944e-01
-5.639820236312008683e-01
-5.633090221044160240e-01
-4.621395074183947682e-01
-3.828978347166216989e-01
-5.887029632912808008e-01
-4.772757958212714424e-01
-4.635654794870600059e-01
-5.049266295005878646e-01
-4.592469057836933710e-01
-5.687061892037182931e-01
-4.829887105974078332e-01
-4.396636944726010077e-01
-4.801092852317451198e-01
-5.412805265351342543e-01
-4.401144822894056396e-01
-5.214333546531313424e-01
-4.622872637083249581e-01
-4.408058364016891328e-01
-5.012768037324402126e-01
-4.586539626016402083e-01
-4.617417431870299294e-01
-5.008926842930621071e-01
-4.631811565365894223e-01
-5.015726342572264240e-01
-5.235394112478640727e-01
-5.180534915749062108e-01
-4.192221201409542242e-01
-5.624929662593676216e-01
-5.231249315689785462e-01
-4.998662522678130604e-01
-4.833991506793791082e-01
-5.394523939658326661e-01
-6.217932259671947737e-01
-4.197245352061299561e-01
-4.794501031892216547e-01
-5.424936265864848117e-01
-4.808737681441797029e-01
-5.623138731397270274e-01
-5.817165265168663391e-01
-4.791264450910934225e-01
-4.220128592271217838e-01
-5.013933838694035749e-01
-6.030477477966512678e-01
-4.560433690511612737e-01
-4.614984513548466283e-01
-5.195868690620374375e-01
-5.843263283837339950e-01
-4.807398637334320823e-01
-5.414910583112125808e-01
-5.212698715469544775e-01
-5.011364742673527495e-01
-5.614445540812558200e-01
-4.803253053681196261e-01
-5.025766904735847751e-01
-4.635116667203817431e-01
-5.818100679817787002e-01
-5.011687608667161342e-01
-3.773140391661503612e-01
-4.611651266276967087e-01
-5.015023759370076384e-01
-5.423645932826762772e-01
-4.387676407082748975e-01
-4.591051025919287709e-01
-5.606621481043005950e-01
-5.424759916671585414e-01
-5.419636066620406867e-01
-4.425028044352795065e-01
-5.413636239792575244e-01
-5.415908722267783748e-01
-4.212866683072911678e-01
-4.800210387743042983e-01
-5.596971758065204527e-01
-4.754438745967766722e-01
-5.432756684190135354e-01
-4.798438686083721927e-01
-5.620009965807212238e-01
-4.990298330780932323e-01
-4.189400904597192499e-01
-5.031474671038642654e-01
-4.631517214634019997e-01
-5.218377724477828439e-01
-4.568095595093171757e-01
-4.584318612899046519e-01
-5.030095890666709257e-01
-4.993625148412839110e-01
-4.816165221244421701e-01
-5.218690377813907100e-01
-5.431667824889624407e-01
-4.206842291043965676e-01
-4.205772354598347196e-01
-4.209811787110532832e-01
-4.628320341006599281e-01
-6.236360874524951026e-01
-4.586503675411569003e-01
-5.598267583715540452e-01
-4.788146947551588095e-01
-4.555988227190577722e-01
-5.202359551476714028e-01
-4.410002749643303077e-01
-4.182852830655845455e-01
-5.419889914940787534e-01
-4.606187078939684709e-01
-6.015971933071148081e-01
-5.815458585979420558e-01
-5.418564593513800487e-01
-4.830600932998267982e-01
-5.840610078630681379e-01
-4.825430759647396650e-01
-5.189163882851849374e-01
-4.605155372246953482e-01
-4.800254330934392577e-01
-5.011437897731552127e-01
-6.418719827378670528e-01
-3.979355693902699720e-01
-4.618209265209347603e-01
-5.201663344906136688e-01
-4.973680735474946824e-01
-5.214885937107034408e-01
-4.629101648530178359e-01
-4.814244302658658992e-01
-5.171318919681970883e-01
-5.452095185771160812e-01
-5.022948485197943347e-01
-5.441711705040660485e-01
-4.451413939625875060e-01
-4.588653784050973350e-01
-5.207888311935016112e-01
-4.442389971188879239e-01
-5.810961479633608429e-01
-4.406686106737665032e-01
-5.255951987355385047e-01
-4.844822469631153705e-01
-4.206781611205571147e-01
-4.594994438121222102e-01
-4.624976522612915808e-01
-6.056057356580901718e-01
-4.830810869212360803e-01
-4.999489131503664918e-01
-4.801342552387931062e-01
-5.188958585993538319e-01
-5.379749239348078360e-01
-4.382152227904733688e-01
-4.797394465473162617e-01
-5.192474153861684760e-01
-6.034756317853243734e-01
-5.483478255503939636e-01
-4.445790196674742067e-01
-4.806110185141944657e-01
-5.421170150617790062e-01
-5.656330267028595316e-01
-4.804235124075294516e-01
-5.627604131223886696e-01
-5.424914341723767741e-01
-6.219624240784953351e-01
-4.191610968798504255e-01
-5.037782856937426113e-01
-4.395461500792372522e-01
-5.008913034111719398e-01
-4.805796612496004427e-01
-6.038203745570078773e-01
-5.013645404276071416e-01
-4.610525880663384202e-01
-4.424583275715813224e-01
-4.645763821735136023e-01
-5.666632586870838928e-01
-4.007545580280144071e-01
-6.447237234396027139e-01
-4.408482245643264852e-01
-4.410955887034421763e-01
-4.414145416521296217e-01
-4.827309206263368790e-01
-5.189252942709886574e-01
-4.825786076592760154e-01
-5.220388592645706094e-01
-4.599968389591961859e-01
-5.419548106553732092e-01
-3.781522993231359320e-01
-5.652669927849032216e-01
-5.031463847785040411e-01
-5.205452495894234977e-01
-4.812143377089000973e-01
-4.626365652593795175e-01
-5.640328731590446010e-01
-5.395733289565743940e-01
-5.233912118760183363e-01
-5.634285648302909122e-01
-4.595153034531612724e-01
-4.592903848390269550e-01
-4.790736788745951213e-01
-5.406540171821334617e-01
-4.857664345340000356e-01
-3.575183060273177671e-01
-4.579553671689376992e-01
-4.996461195469834027e-01
-5.809363775961520204e-01
-4.195000506644598892e-01
-5.834345439754747842e-01
-4.413639480467271281e-01
-4.789582852431482074e-01
-5.652197181261009451e-01
-5.001654015356529204e-01
-4.404295080453905498e-01
-5.019464073371193713e-01
-4.440035016562226544e-01
-5.044827003589673620e-01
-5.026073476422936448e-01
-5.663991353029839138e-01
-5.012984707076441060e-01
-6.043863700613401058e-01
-5.633733649330644466e-01
-4.985021767994782249e-01
-4.998954909883627229e-01
-5.006605461326026907e-01
-4.826671561679189981e-01
-4.161911788455691652e-01
-5.402058440120737215e-01
-4.797288777091919809e-01
-4.793271315258600396e-01
-6.044311138674548500e-01
-4.835398828902437995e-01
-4.594342142798702455e-01
-5.007042308402381847e-01
-5.412535240344269472e-01
-6.816777958389458325e-01
-4.789340803177516426e-01
-4.603491192757195316e-01
-4.576200297482456714e-01
-5.014532253469892176e-01
-5.396038614880689366e-01
-5.440821085037191862e-01
-4.770000195279656685e-01
-5.392059406894338380e-01
-4.189213385781581644e-01
-5.173116842975720164e-01
-5.056738317742861533e-01
-5.374542785113404220e-01
-5.227156553462086741e-01
-4.363827121415673749e-01
-5.182939642187162077e-01
-5.200940709156637309e-01
-4.996988715584739782e-01
-5.634931065369359615e-01
-4.401811523162033057e-01
-4.566001890733764612e-01
-5.231813467425103781e-01
-4.974352775314240249e-01
-4.779208095020671676e-01
-5.425356299279614491e-01
-4.596981084116721905e-01
-5.215848994810369232e-01
-6.008867091322481757e-01
-3.579863286610642237e-01
-5.187265737320007064e-01
-5.212859825774204259e-01
-5.586227044419601606e-01
-4.408572976706628399e-01
-4.613082572364890499e-01
-5.177079134804596361e-01
-5.152813079596433310e-01
-4.810282985559700686e-01
-3.984082149799941241e-01
-5.399656807620455412e-01
-4.153406977349619056e-01
-4.993301450554566978e-01
-5.608784552500339915e-01
-5.400671242731865940e-01
-6.170698293925140909e-01
-5.823918749365567527e-01
-5.602572765419568945e-01
-4.991450010092350897e-01
-5.188607935864836262e-01
-4.769324745392925502e-01
-4.572487241975186634e-01
-5.193562253790154903e-01
-4.593632522637751125e-01
-4.840972683358218398e-01
-5.001304770869817728e-01
-3.967329873845081845e-01
-4.996700856627656617e-01
-5.982162947927694985e-01
-6.003652315181287058e-01
-5.615459734572944006e-01
-5.423395028371319482e-01
-5.014038413195103239e-01
-6.019554430867255501e-01
-5.591594562572046456e-01
-5.414086401252978797e-01
-5.969855980140049700e-01
-4.585984998505855392e-01
-4.785826246301136400e-01
-5.048316232439686857e-01
-4.804534743933375207e-01
-4.171084662862318826e-01
-4.796437141164310858e-01
-5.411194821612156369e-01
-5.658639010792438917e-01
-5.602795126673810744e-01
-5.406894133697729421e-01
-6.229352476766473190e-01
-5.786221008596100779e-01
-4.779751688800367160e-01
-5.383459315823247993e-01
-5.011554102933197807e-01
-5.825657011261944351e-01
-4.196338630685345072e-01
-5.008163932235347726e-01
-4.772555223409475911e-01
-3.971697031920736753e-01
-5.415241239459408495e-01
-5.219945242162181698e-01
-4.776037924633819709e-01
-5.887622764250536322e-01
-4.836241149746423051e-01
-5.459748409317419782e-01
-4.629267021147152605e-01
-4.818527124653861349e-01
-5.052706968552423961e-01
-4.640025511665120672e-01
-4.998360114072369353e-01
-4.209533000709131945e-01
-5.014035859553918062e-01
-5.005828135564491799e-01
-3.987724548684662418e-01
-4.795669190652141478e-01
-5.399153256431383774e-01
-5.824944005705127159e-01
-5.255611028156536024e-01
-5.428813240889016623e-01
-6.425689408231608502e-01
-5.210477292831620089e-01
-5.835651916280965024e-01
-4.421606102090322454e-01
-5.619419502319390469e-01
-5.233347117547417771e-01
-4.808728234451101757e-01
-4.819480442217085603e-01
-4.827425841185262190e-01
-5.022367459951262436e-01
-4.207102206477197903e-01
-5.628883690378523319e-01
-4.623966579533124732e-01
-4.414732422099553744e-01
-4.609782882876687360e-01
-6.234518274775987523e-01
-6.225134461823915721e-01
-5.025432590173922742e-01
-5.431085562241260156e-01
-5.389935763323153717e-01
-5.242956799760967179e-01
-5.455340482116096679e-01
-5.200746749923820245e-01
-4.426425232997031056e-01
-4.986164265113784966e-01
-4.419077036557536586e-01
-5.619017009764342152e-01
-4.835451312048363315e-01
-5.215299850603317688e-01
-5.419721826912621276e-01
-4.815918203982036405e-01
-4.612281423762307764e-01
-5.658861244134186785e-01
-5.252130446741334335e-01
-4.823830623792412786e-01
-5.046030794510589779e-01
-5.051851236911597542e-01
-5.010475112269267006e-01
-5.412594643603025890e-01
-4.808083282674416870e-01
-5.373883062610927963e-01
-4.633795002416611353e-01
-4.213279078117838083e-01
-5.042193457221807451e-01
-4.406063473221777937e-01
-4.640059350967087881e-01
-5.421626704500092098e-01
-4.210556256445966983e-01
-5.236261734855475192e-01
-4.957555038430427330e-01
-5.635845050312341398e-01
-5.390506232665021047e-01
-5.253205550974695548e-01
-5.411953746176123570e-01
-4.393844664785857002e-01
-4.803463160072855009e-01
-4.206679865720620026e-01
-4.391061832159260936e-01
-5.815924090944325497e-01
-4.812169980071530073e-01
-5.042752802572145754e-01
-5.015368811338488664e-01
-4.657890263321879387e-01
-5.216203791976029569e-01
-5.059688846883543256e-01
-5.209324691488217418e-01
-4.820455716951244640e-01
-4.795101641394318159e-01
-5.232277617555268767e-01
-4.203022500746353418e-01
-5.225859183972092481e-01
-5.409045714246100145e-01
-4.380700305446261766e-01
-5.009698442163799115e-01
-5.468471075101996037e-01
-3.610832797639352276e-01
-4.201127958987002087e-01
-4.593900247313027485e-01
-5.191691319089699608e-01
-4.596917847712388427e-01
-4.397093235369134434e-01
-4.431966389644929061e-01
-6.210478930647057583e-01
-4.433165817966302491e-01
-4.825019604714643195e-01
-4.795706183719568583e-01
-5.188965026386405111e-01
-4.581757301228186474e-01
-4.204610115039975615e-01
-5.238623829699755596e-01
-5.623990361766534329e-01
-5.418043805444490157e-01
-6.002195762950405244e-01
-4.623557790485459673e-01
