-1.336292921830919855e+00
-1.346902416290927329e+00
-1.398939764640728445e+00
-1.342061651994372662e+00
-1.393059135705919882e+00
-1.385073387986518911e+00
-1.297897494401167418e+00
-1.320600618518807279e+00
-1.341421597380223707e+00
-1.205139546256287053e+00
-1.268537618137342893e+00
-1.167013702138221642e+00
-1.227590287301892680e+00
-1.147660787407173366e+00
-9.632923825907425686e-01
-1.086342891745293748e+00
-9.900275066947601399e-01
-1.006511874450155997e+00
-9.410067371003151271e-01
-9.388684667106909076e-01
-7.792690034727306481e-01
-7.045556029166342160e-01
-8.822016032296737809e-01
-7.619568306387516365e-01
-6.956014888313720723e-01
-7.598068972366953666e-01
-6.364786144719338790e-01
-6.169839436883426398e-01
-5.985668904071854701e-01
-6.606719787168121583e-01
-6.026159439191951517e-01
-6.418222769823899165e-01
-6.248363856776658620e-01
-6.019919665009729748e-01
-5.447073720211432768e-01
-5.868008961573881743e-01
-5.234295922701669435e-01
-5.855212775925691115e-01
-5.414932160964450736e-01
-6.035103766396575642e-01
-5.450711110184026653e-01
-5.606537903733161965e-01
-5.265410101964926870e-01
-5.690434594521939227e-01
-4.863071585251751983e-01
-5.265777025748260565e-01
-5.077277906126108631e-01
-4.873943716191927455e-01
-5.201847911202741592e-01
-5.660775696506366028e-01
-5.675139737554707464e-01
-5.286562513527511831e-01
-4.496937549985066118e-01
-4.928333071730437442e-01
-5.494628402249527310e-01
-4.740928686995789509e-01
-5.339786532316970202e-01
-5.267703976630201401e-01
-4.683247883175675752e-01
-4.319037335730551153e-01
-5.121263743351083253e-01
-5.347761424836754429e-01
-4.901432146829736158e-01
-4.890886514341098446e-01
-4.932516476665042560e-01
-5.276484737572942896e-01
-5.324655459925043965e-01
-4.137424525773465422e-01
-4.504447974881371497e-01
-4.134132362646860681e-01
-4.323641734936936043e-01
-4.595753274194482318e-01
-4.777489824677268460e-01
-4.358276853128371653e-01
-4.109126416195349463e-01
-4.900398615579938388e-01
-4.770909659645065637e-01
-4.146260746848428602e-01
-4.245764358459859222e-01
-5.337268851500648337e-01
-4.600078761452691123e-01
-4.380190519943411576e-01
-4.647032500808740973e-01
-4.610896122813354370e-01
-4.393886170543213066e-01
-4.599982543226214804e-01
-4.402754146503942145e-01
-4.581233000056263438e-01
-4.425973036966692753e-01
-4.680673045019021483e-01
-4.434889269958885993e-01
-4.289889035101673298e-01
-4.480920386825045787e-01
-4.281309040088756568e-01
-4.443541119760240354e-01
-4.695821907288759700e-01
-4.258205205722371267e-01
-4.294315866581076557e-01
-4.508160829844509720e-01
-4.905272389749483763e-01
-4.701841475166975703e-01
-5.247040648487946157e-01
-4.519613725093652445e-01
-4.481995250498030936e-01
-4.695704119086739903e-01
-4.493424056182454551e-01
-4.346834208728029281e-01
-4.480687782095422178e-01
-4.878700872301569569e-01
-4.909290113901464969e-01
-4.660458292875477859e-01
-4.736078640655344563e-01
-5.130052373345113104e-01
-4.687563034661363925e-01
-4.454100801116003816e-01
-4.471141485014867856e-01
-4.530420367442140606e-01
-4.522165760625287412e-01
-4.679289247675886276e-01
-4.705039795035850236e-01
-4.272135630266566952e-01
-4.509567642334035287e-01
-4.628409115085689307e-01
-4.633280111645691202e-01
-4.475411330940080590e-01
-4.482932527603786799e-01
-4.286719646391795036e-01
-4.453090738037343566e-01
-4.831574143044652936e-01
-4.441926042420463738e-01
-4.195056748814722791e-01
-4.225187607779368748e-01
-4.198774755712464946e-01
-4.612717942270028182e-01
-4.604280578223312603e-01
-4.850541531777204929e-01
-5.000883275643639436e-01
-4.420697338870730464e-01
-4.629301704386375449e-01
-4.617496318671849287e-01
-4.386864765759341256e-01
-4.354466378923133041e-01
-4.388067122612905879e-01
-4.354830139382432908e-01
-4.903835464007386125e-01
-4.315291373334153024e-01
-4.599436330568933418e-01
-4.826327586590155594e-01
-4.368974344191457471e-01
-4.603024602761697781e-01
-4.582213989800363318e-01
-4.392450321177273076e-01
-4.842954535621112888e-01
-4.223093216527590288e-01
-4.402588795190007231e-01
-4.199151713249172357e-01
-5.210704809409333338e-01
-4.430762165772689221e-01
-4.199131569140547304e-01
-4.800443395561221349e-01
-4.653542686389292027e-01
-5.687580943803629552e-01
-5.031870342834199317e-01
-4.489694034044703352e-01
-4.246086129060206993e-01
-4.518860675758705758e-01
-4.309708072070921325e-01
-4.704520287292056069e-01
-4.487407173579571196e-01
-4.754069458963436356e-01
-4.359993641634926087e-01
-4.733051532900035552e-01
-4.566247061949117447e-01
-4.445704033280267198e-01
-4.575534276079090135e-01
-4.784136438348071674e-01
-4.368785748802612723e-01
-4.524960184564807419e-01
-4.481199057743296965e-01
-4.658417010432556737e-01
-4.560627042027299849e-01
-4.406652540130480689e-01
-4.621236848688375920e-01
-4.622924799672574192e-01
-4.628690834135197330e-01
-4.680864540959510101e-01
-4.384205393837984910e-01
-4.616058291617848308e-01
-4.660533804827443061e-01
-4.461587372408424290e-01
-4.421496494971530744e-01
-5.053203992634011099e-01
-4.660428997157370912e-01
-4.717291417291568090e-01
-5.034197951575678509e-01
-4.880369908827399406e-01
-5.054154908389457690e-01
-4.835856833143816202e-01
-4.797032749876447011e-01
-4.716588586031094099e-01
-4.488752169015810534e-01
-4.516532898255088413e-01
-4.734440929645635787e-01
-4.465063654076735222e-01
-4.700998884413155610e-01
-4.502915135369564004e-01
-4.506973088009085804e-01
-4.690269243689823009e-01
-4.730369149244575966e-01
-4.564153206486217806e-01
-4.503206090933939421e-01
-4.539703689801548592e-01
-4.537536611994004154e-01
-4.715513784266784914e-01
-4.797207173677889291e-01
-4.538780696765714606e-01
-4.542080459927463343e-01
-4.948993333075999423e-01
-4.529356939389548864e-01
-4.573552619226276539e-01
-4.609909176999204550e-01
-4.600826492003690649e-01
-4.558871562762435437e-01
-4.542683118106611850e-01
-4.636455359443564794e-01
-4.793658283696053957e-01
-4.559143381145339124e-01
-4.801064558565980023e-01
-4.601880706400667820e-01
-4.619139130356258449e-01
-4.796571591810641078e-01
-4.853146960548119226e-01
-4.864896243648347274e-01
-4.593680381977149896e-01
-4.690722017208626693e-01
-4.801862979492068639e-01
-4.861853165374895314e-01
-4.852995989638853036e-01
-4.612209209772033525e-01
-4.711673547978005860e-01
-4.851231071082350854e-01
-4.725225540000717039e-01
-4.746333056561505281e-01
-4.742831858398687261e-01
-4.710102515509239640e-01
-4.892256701745499314e-01
-4.922764454883293284e-01
-4.761060211794919672e-01
-4.950433766488291920e-01
-4.726503660492591963e-01
-4.691965417127026416e-01
-4.716139179156468297e-01
-5.115433946438683321e-01
-4.721850946841515406e-01
-4.711784602765297092e-01
-4.876767045712840920e-01
-4.668447062421168248e-01
-4.963376467119245961e-01
-4.898036658419551714e-01
-4.783967767980197849e-01
-4.701210481218789372e-01
-4.717879996126846942e-01
-4.745491927528946441e-01
-4.730272353625376569e-01
-4.758178642428145255e-01
-4.883593802739503165e-01
-4.614568248351710866e-01
-4.598029907673721328e-01
-4.609204857613360407e-01
-4.646643749748314289e-01
-4.541355957561112877e-01
-5.200915716307474845e-01
-4.507258959531517117e-01
-4.560112365962292191e-01
-4.718657870086668260e-01
-4.501381696894234397e-01
-4.488971553708134277e-01
-4.486580788219606819e-01
-4.477040553282567448e-01
-4.447337080179284419e-01
-4.641503704525600793e-01
-5.045996379881230176e-01
-4.429114901658997572e-01
-4.453840233581016217e-01
-4.368983123281727776e-01
-4.793520576747771211e-01
-4.845353098736153163e-01
-4.549008528994250566e-01
-4.377548936606514562e-01
-4.565534524317221288e-01
-4.762178820431551274e-01
-4.516168286038979574e-01
-4.480419636659244143e-01
-4.328816973992261619e-01
-4.273549095618692228e-01
-4.479193601007615544e-01
-4.686859063897104161e-01
-4.461730775667645532e-01
-4.869973193836411585e-01
-4.408264815682115256e-01
-4.475025249563687191e-01
-4.410811224995916380e-01
-4.184928066139621539e-01
-4.597393669965197383e-01
-4.772391220564468073e-01
-4.368399793626680516e-01
-4.561396938541896762e-01
-4.561194926775861691e-01
-4.916710528405470182e-01
-4.717408234156109659e-01
-4.700240965227868717e-01
-4.344172660069062775e-01
-4.680850290151492565e-01
-4.512116952143017112e-01
-4.459285034342447274e-01
-4.453791423822059947e-01
-4.249427175720368877e-01
-4.638842607085033598e-01
-4.496907845030053696e-01
-5.015687916473079433e-01
-4.426497072117485665e-01
-5.071515980041633176e-01
-4.466352817040434298e-01
-4.869019240585273356e-01
-5.294667054100031800e-01
-4.704160754294475222e-01
-4.157511344528878605e-01
-4.949967632334492662e-01
-4.150614596123838318e-01
-4.504952459239973672e-01
-4.323812313198972523e-01
-4.380380431877320402e-01
-4.517327580849853086e-01
-4.509701599327912702e-01
-4.398048645402847789e-01
-4.412553085401789699e-01
-4.589113755859491328e-01
-4.635192096558411468e-01
-4.632361157141571262e-01
-4.824008460153823008e-01
-4.499383659357490406e-01
-4.474988827290669602e-01
-4.230334351653576852e-01
-4.687983874321269284e-01
-4.483363618441669196e-01
-4.488263440110680791e-01
-4.531068146835908750e-01
-4.502557326658875314e-01
-4.478596504329265815e-01
-4.653033777368886792e-01
-4.404807432394580724e-01
-4.482246772494106191e-01
-4.231015762200784347e-01
-4.646200621443976053e-01
-4.577739755841305769e-01
-4.424272635654395991e-01
-4.841266793512201683e-01
-5.199353412534313268e-01
-4.791539335400497035e-01
-5.026784541080118185e-01
-4.483566986089193573e-01
-4.348281738218044423e-01
-4.185690665038906411e-01
-4.564783784366138741e-01
-4.774715719225773869e-01
-4.427647811874415029e-01
-4.625123692850627855e-01
-4.816123209195277699e-01
-5.056512108972617270e-01
-4.429486847581526332e-01
-4.293158627961439766e-01
-4.826311817018280603e-01
-4.928061498778849026e-01
-4.246794075768582366e-01
-4.460637529349967267e-01
-4.331640613998844480e-01
-4.932741645253230223e-01
-4.529250499012493214e-01
-4.311011746393837440e-01
-4.716354220257221175e-01
-4.600412855962591197e-01
-4.552626253559719505e-01
-4.513071124550299129e-01
-4.594636599985594816e-01
-4.545385375389490168e-01
-4.527759549185751964e-01
-4.579082193338789852e-01
-4.788759708829866679e-01
-4.366738908332929991e-01
-4.550376433651905916e-01
-4.572217366759121493e-01
-4.613706262480086195e-01
-4.521610430701887839e-01
-4.351257130497142578e-01
-4.506812137452058664e-01
-4.707638017741218039e-01
-4.511263887976740272e-01
-4.654744027763055847e-01
-5.051744812103737825e-01
-4.481435719412322771e-01
-4.596641987693542708e-01
-4.549544993597707809e-01
-4.515329316689949968e-01
-4.520329397319401976e-01
-4.858637225917211699e-01
-4.478600335761997453e-01
-5.119519049727131454e-01
-4.445371595367785811e-01
-4.687001605236875701e-01
-4.473629330126994708e-01
-4.470293925812787172e-01
-4.401113095147977106e-01
-4.670100369499373127e-01
-4.474013378902428895e-01
-4.641150773381906292e-01
-4.469435820824843586e-01
-4.828917534531591560e-01
-4.454192459042047858e-01
-4.652917007742743971e-01
-4.455546896284988123e-01
-4.501177817911568013e-01
-4.794071043676014221e-01
-4.656340186339653076e-01
-4.380735451813066450e-01
-4.632264439038256132e-01
-4.970464218553639069e-01
-4.789087787152789821e-01
-4.637078753495317840e-01
-4.657657637048964738e-01
-4.450485794440431908e-01
-4.389373757927660935e-01
-4.622614755797690989e-01
-4.350106310531664522e-01
-4.748929134727606360e-01
-4.623764723836876755e-01
-4.753440923998930034e-01
-4.380860972079722027e-01
-4.609227662864245345e-01
-4.399403500113577281e-01
-4.380858744393552051e-01
-4.794978085854076366e-01
-4.327980642920449261e-01
-4.316705666621981630e-01
-4.488373657406994344e-01
-4.724788207375620885e-01
-4.304205572305485061e-01
-4.894607064163098986e-01
-4.555376856555550247e-01
-4.329978981591847131e-01
-4.708429577049723647e-01
-4.637226410509686092e-01
-4.459070471225620724e-01
-4.443447014024095587e-01
-4.488733306055985306e-01
-4.492160000179689638e-01
-4.495932711152294536e-01
-4.657294507998757105e-01
-4.426029766746767402e-01
-4.212299340446996054e-01
-4.623928639203816471e-01
-5.072965497703710858e-01
-4.443061329676048499e-01
-4.403886215549643879e-01
-4.433525903156535497e-01
-4.688906320985358200e-01
-4.272730482109083905e-01
-4.724915134971752750e-01
-4.702721158519644895e-01
-4.926086172494691384e-01
-4.647211926701628748e-01
-4.550153223467014452e-01
-4.545468853013457378e-01
-4.748690846276780730e-01
-4.732983983546915630e-01
-4.392461819677735413e-01
-4.837529693790042495e-01
-4.631921010729760924e-01
-4.584886934257200175e-01
-4.394054407087454317e-01
-4.392873583805614879e-01
-4.601456465407828267e-01
-4.380762757754844694e-01
-4.593061380504818714e-01
-4.439829804975587435e-01
-4.578273793721242546e-01
-4.612955114695060366e-01
-4.364695761163706056e-01
-4.599365748275796029e-01
-4.364639623462487350e-01
-4.408600933657183529e-01
-4.364090538079739012e-01
-4.363894402608202716e-01
-4.577839285044691953e-01
-4.787851692371486445e-01
-4.795439278717087972e-01
-4.505873503546981573e-01
-4.369804166871740780e-01
-4.382346126912652351e-01
-4.444767502518913727e-01
-4.418369465819464437e-01
-4.633437268167224232e-01
-4.612721305097686741e-01
-4.383506615491558067e-01
-4.482132950910292513e-01
-4.478194860499828955e-01
-4.773425749851218369e-01
-4.572219189268357797e-01
-4.407651767350502237e-01
-4.576202499383798528e-01
-4.397227945750071254e-01
-4.576415591009141970e-01
-4.596209192102482244e-01
-4.580727072020315815e-01
-4.594679322374887187e-01
-4.641569546369187504e-01
-4.609787837438584224e-01
-4.410998948422170107e-01
-4.897553951930304073e-01
-4.617423154794911833e-01
-4.432260963533007914e-01
-4.689134774636594671e-01
-5.055726077891257164e-01
-4.652704338085791869e-01
-4.441701950741205884e-01
-4.601040593304098758e-01
-4.424436745740307764e-01
-4.693614773521666561e-01
-4.560062998698779513e-01
-4.634303029898492188e-01
-4.482062819968863909e-01
-5.006797903485105117e-01
-5.050746122283800155e-01
-4.659474201991850584e-01
-4.609293214277892514e-01
-4.644361479840833917e-01
-4.618931898871440622e-01
-5.040007873810469219e-01
-4.619603225290434545e-01
-4.644194262931046757e-01
-5.305269019096808814e-01
-5.063481142967859450e-01
-4.665296479726359080e-01
-4.457355726364274906e-01
-4.607993195494842209e-01
-4.711202115300472393e-01
-4.413871193758273637e-01
-4.626380196794687705e-01
-4.378841824544124073e-01
-4.395193257121094432e-01
-4.573595399269663186e-01
-4.384773074301356321e-01
-4.522661212532368968e-01
-4.356356034206227412e-01
-4.360180081853258227e-01
-4.953477589247509694e-01
-4.831386879770385168e-01
-4.560899991400312325e-01
-4.774194084049757092e-01
-4.590753968525980722e-01
-4.422230857974398521e-01
-4.388363831993969399e-01
-4.615736383989669789e-01
-4.372638510043758697e-01
-4.593458408987456942e-01
-4.615459549835728703e-01
-4.607381867143570120e-01
-4.615746901895239063e-01
-4.567132148892300014e-01
-4.818652650455443887e-01
-4.391277647723776933e-01
-4.602581081850414813e-01
-4.388085313563915846e-01
-4.599782935579885823e-01
-4.763211123029103544e-01
-4.805747614402825496e-01
-4.955569952770967901e-01
-4.616616189703793838e-01
-4.634224093261256061e-01
-4.851174692385848419e-01
-4.626674405849219296e-01
-4.751608181124868380e-01
-4.606759128148872895e-01
-4.666549660905725538e-01
-4.593775287383000117e-01
-4.464266012798513983e-01
-4.587053072826834388e-01
-4.577314511781863660e-01
-4.575954229058559197e-01
-5.619190023147917490e-01
-4.381679133756998246e-01
-4.576540842416641497e-01
-4.832335580547685860e-01
-4.730737234903624189e-01
-4.345379000643628808e-01
-4.520700577150499333e-01
-4.689979396315668847e-01
-4.502890873352442536e-01
-4.283972654866455287e-01
-4.275796455152389153e-01
-4.450402483938243337e-01
-4.894077397147133524e-01
-4.249157610642306793e-01
-4.423203605551319639e-01
-5.046374404779673251e-01
-4.809364284259036171e-01
-4.839625854445749331e-01
-4.424673351788914188e-01
-4.392620174228809571e-01
-5.021780714626108422e-01
-4.224461110810434628e-01
-4.820187750678633365e-01
-4.377349999345158671e-01
-4.420758945767386261e-01
-4.623355386354347507e-01
-4.403987928577393629e-01
-5.215768146922531434e-01
-4.613798566719278793e-01
-4.595563225637516735e-01
-4.494563968714788138e-01
-4.703334401274077425e-01
-4.842862772923750003e-01
-4.902305223484336727e-01
-5.032405544750134796e-01
-4.492816493229901953e-01
-4.473049367634371332e-01
-4.501341753642310595e-01
-4.625568418329729092e-01
-4.383168619467538440e-01
-4.482536656146081100e-01
-4.364081306856245068e-01
-4.265952472183757727e-01
-4.913684683360911021e-01
-4.269274815233132792e-01
-4.678088171388832261e-01
-4.263820435630738537e-01
-4.509982897615392172e-01
-4.451589395964119511e-01
-4.431963257704428782e-01
-5.222304639791464087e-01
-4.843743090673555129e-01
-4.432081541509920175e-01
-4.594009489026981696e-01
-4.248420511446241443e-01
-4.416903463505199579e-01
-4.538675834532225895e-01
-4.206234960592973859e-01
-4.605745394354046618e-01
-4.247051830916175885e-01
-4.366909642656268131e-01
-4.967339209785509024e-01
-4.387271234890347538e-01
-4.577972769073533343e-01
-4.596571362234852520e-01
-4.172391689975561979e-01
-4.366203961915616216e-01
-4.533870926845313121e-01
-4.887210066063479852e-01
-4.152017666914186167e-01
-4.498733083002783850e-01
-4.691930668626747569e-01
-4.746620904482701242e-01
-4.727066407699364037e-01
-4.394517771374290005e-01
-4.539468555169240416e-01
-4.602045253158753568e-01
-4.195405051260469032e-01
-4.564743938637988441e-01
-4.454470435086273494e-01
-4.392942691863346849e-01
-4.244562140715036902e-01
-4.243254047536962892e-01
-4.655543432941526838e-01
-4.293476415339586016e-01
-4.790215873296970739e-01
-4.467368301120218654e-01
-5.100333924560392918e-01
-4.874515626445506400e-01
-4.905306354716538753e-01
-4.539120065027486550e-01
-4.285106622146530042e-01
-4.677349128557846125e-01
-4.492355232614297922e-01
-4.491351103118269572e-01
-4.541514420718699707e-01
-4.488551684970918942e-01
-4.272139979712412106e-01
-4.980733754456559970e-01
-4.296652955003183449e-01
-4.595729240623871448e-01
-5.214392327911200331e-01
-5.367016465817135984e-01
-4.697558478777080770e-01
-4.579316602628211719e-01
-4.803366522668994776e-01
-4.442910328712716406e-01
-4.578032818714295460e-01
-4.665469389519440457e-01
-4.669676015556478710e-01
-4.707006533764893641e-01
-4.914544773608598427e-01
-4.735041552350719440e-01
-5.550627312438255467e-01
-5.071085094480186628e-01
-5.506982466764448469e-01
-4.721826494178261169e-01
-5.158206784253158705e-01
-4.476991677820151283e-01
-4.734420273262084367e-01
-5.030396960186815924e-01
-4.505881914169714841e-01
-5.061209283975243167e-01
-4.484400436457987582e-01
-4.627054483174141142e-01
-4.463018277072517970e-01
-4.454850919297679290e-01
-4.609694992976407502e-01
-4.396156858581983240e-01
-4.368996167959261490e-01
-4.463306329872271938e-01
-4.598235583977088869e-01
-4.593069805214251566e-01
-4.396727342226641744e-01
-4.622282807441864816e-01
-4.374441149399956874e-01
-4.500302003052738531e-01
-4.431243781311152707e-01
-4.495155840810300396e-01
-4.410230729362429325e-01
-4.852384074892992505e-01
-4.493878295474116880e-01
-4.486850923777642164e-01
-4.477316498192835947e-01
-4.645001299131600869e-01
-4.688992385075028690e-01
-5.042836549279340330e-01
-4.486901864796285500e-01
-4.420842728480459116e-01
-4.611905736958331059e-01
-4.443712528622977831e-01
-4.638198585128040508e-01
-4.617150840594797523e-01
-4.614861394604345968e-01
-4.832059479561149895e-01
-4.381047474564637167e-01
-4.564058123673410683e-01
-4.640314921649879021e-01
-4.824737516234510193e-01
-4.864299715385749789e-01
-4.498028420856353127e-01
-4.379686712142825122e-01
-4.645718731344994912e-01
-5.037264259384462983e-01
-4.622257236236525513e-01
-4.339514983561121864e-01
-4.427276920113593639e-01
-4.567345002322333869e-01
-4.781257445166563480e-01
-4.574407733634706652e-01
-4.570996027146173035e-01
-4.655133657010314119e-01
-4.585858714449713158e-01
-4.528329861460593797e-01
-4.540514734531900798e-01
-4.522993754123686427e-01
-4.707946394808801838e-01
-4.553867527345613064e-01
-4.244190902678540156e-01
-4.676963982438726020e-01
-4.445099929582568277e-01
-4.474602446055440108e-01
-4.426123156255187818e-01
-4.234077543614656047e-01
-4.820241967494460211e-01
-4.181215352084950432e-01
-4.211796597531468067e-01
-4.410209222605107615e-01
-4.398177528792939217e-01
-4.743278091235563765e-01
-4.369928078010688055e-01
-4.918545428857694635e-01
-4.705681302563347601e-01
-4.937147975078254869e-01
-4.363503108439019118e-01
-4.297661706135807447e-01
-5.087217701586023155e-01
-4.362173846326195537e-01
-4.563214653929421050e-01
-4.508227750311272208e-01
-4.508129055294807785e-01
-4.754494250876244443e-01
-5.551752776677590928e-01
-4.950469234251625994e-01
-4.761950551413795529e-01
-4.565154013835200919e-01
-4.323168466927496123e-01
-5.295658134496306069e-01
-4.084215498482628437e-01
-4.466975006583226993e-01
-4.301528450548472993e-01
-4.572686577393388907e-01
-5.155123849343585807e-01
-4.119157576450262481e-01
-4.926639161671598766e-01
-4.345339298783803539e-01
-4.506117072492659692e-01
-4.506434487666898803e-01
-5.115502820743876855e-01
-4.475616590280453999e-01
-4.880700919702236629e-01
-4.474043894567593105e-01
-4.417256699545662468e-01
-4.451283871449800977e-01
-4.892952712737295706e-01
-5.279406110193438639e-01
-5.242211326917296521e-01
-4.661697957779822321e-01
-4.763294474147490298e-01
-5.034606265089052179e-01
-5.003871875001146829e-01
-5.024027972615026094e-01
-5.185995620533038197e-01
-4.435155837623166453e-01
-4.554793348024588351e-01
-4.393889566749356601e-01
-5.419345938168665944e-01
-4.612273509848340280e-01
-4.382799705120941081e-01
-4.791566736469553001e-01
-4.414179610424172617e-01
-5.163579604881440854e-01
-4.561057596746740384e-01
-4.550076777444872489e-01
-4.763892425824463039e-01
-4.415800601341501319e-01
-4.573168232383704179e-01
-5.311534953271251913e-01
-4.947572136326847669e-01
-5.110333482531269622e-01
-4.373785020184173256e-01
-5.129552298425987811e-01
-4.575715140693453753e-01
-5.540663453500886959e-01
-5.523229609737179135e-01
-4.494226591594774889e-01
-4.996937728027489034e-01
-5.124334878679256411e-01
-5.770229494735436004e-01
-4.963151203750089113e-01
-4.578647644253404647e-01
-4.819457756951901484e-01
-4.551578931980836962e-01
-5.248896151642401531e-01
-5.152761990567227279e-01
-4.768300801576228487e-01
-5.009902713163294496e-01
-4.806078459946218628e-01
-4.631543744046114353e-01
-5.127274322691556252e-01
-5.363917872341843474e-01
-4.596162121767080055e-01
-5.542232131876793089e-01
-5.395658347936952426e-01
-5.063338437808301284e-01
-4.797508216617537569e-01
-5.195261587105914902e-01
-4.835267958796187204e-01
-5.602326054669329869e-01
-4.643814019865397102e-01
-5.099564821422085670e-01
-5.197162494964440160e-01
-4.659016347930976520e-01
-4.410276501395529736e-01
-5.225051160868574573e-01
-4.681980959281574206e-01
-4.619076122366623793e-01
-4.427980715673936474e-01
-5.636692057586006888e-01
-4.253480274118192628e-01
-4.646072205029427304e-01
-4.595343163477024762e-01
-5.206152269816439748e-01
-5.376308811939966015e-01
-5.433331700031887035e-01
-4.820240820031421181e-01
-5.066275465109127962e-01
-5.826279643355887217e-01
-5.411327984178035955e-01
-5.185337746242645318e-01
-4.562427149190813047e-01
-4.972271235480176244e-01
-4.587946387617261590e-01
-4.749826621106836289e-01
-4.816475121030863726e-01
-4.374889840095406712e-01
-5.393080092622241084e-01
-5.574649023593972741e-01
-4.785854994003768126e-01
-4.590946714022646757e-01
-5.354599804664955665e-01
-4.818342160830716425e-01
-5.141905250161792340e-01
-5.529500711162284032e-01
-4.579462497564960599e-01
-4.741294582866248941e-01
-3.963321731960574579e-01
-4.477561882589513598e-01
-5.307682533352965359e-01
-4.711816752120230323e-01
-4.547748747589851481e-01
-5.540730302175181921e-01
-5.751562478675654733e-01
-5.117164508823366376e-01
-5.126237146769848652e-01
-5.954341516531179712e-01
-5.717017074732577697e-01
-5.919833106537932821e-01
-5.492683142203003133e-01
-5.271248487434901930e-01
-5.116562238503852278e-01
-5.703759352007715666e-01
-5.115755966243914488e-01
-5.143695758874411439e-01
-4.689354783179442987e-01
-5.554431698001924822e-01
-5.374910004916891859e-01
-4.767086264311396482e-01
-5.184935105592023419e-01
-4.813102689216702257e-01
-6.189882015894191403e-01
-5.950293036374540989e-01
-5.583888067463226301e-01
-5.354909789149872035e-01
-5.419747526303657637e-01
-6.623368860708209738e-01
-5.250121850047158034e-01
-5.215095559727396246e-01
-4.797132269199941290e-01
-5.856799994297332557e-01
-5.415521668942470113e-01
-5.219636974403968344e-01
-5.495635607683342361e-01
-5.454889500982081918e-01
-5.264912522574336506e-01
-6.066003219659312773e-01
-5.110406874662066778e-01
-4.821637381892401875e-01
-4.901364547427274898e-01
-5.055195471895596038e-01
-5.102474206922859024e-01
-5.073974321168400747e-01
-4.867561167931844235e-01
-4.534271723819523481e-01
-5.709783667701185950e-01
-5.109902271055869472e-01
-5.358225886435511454e-01
-4.484601354131935169e-01
-5.547215315207166819e-01
-4.516596438271219816e-01
-4.873618367616324165e-01
-5.738666145964913534e-01
-5.737119634680868385e-01
-5.530138179648244057e-01
-5.516118161854552948e-01
-5.159728283674140936e-01
-5.097990906264918687e-01
-5.557241339270093672e-01
-5.765512340784237910e-01
-5.004619191986111604e-01
-4.791589070260661165e-01
-4.944751969552410031e-01
-5.022417321582203220e-01
-5.418353100933797073e-01
-4.985562158701222213e-01
-5.770980028472125767e-01
-5.416214525043487882e-01
-5.376328828802331428e-01
-5.189262052038834394e-01
-5.770983628282038147e-01
-5.411441295066203860e-01
-5.437648699783342865e-01
-5.809787052381694128e-01
-5.273965151906790938e-01
-4.603819434504835550e-01
-4.637876612032407198e-01
-4.859230243156795193e-01
-6.059132855790031469e-01
-5.016208952558613987e-01
-6.070226475304422165e-01
-5.911592995371384163e-01
-5.686871177998763516e-01
-5.697259293455226858e-01
-4.702347554299161070e-01
-4.853528652816273548e-01
-4.700879630743309279e-01
-4.572787094358817250e-01
-4.897685197886315067e-01
-4.541409910132499506e-01
-5.331358872738292121e-01
-4.325614649451270388e-01
-4.399049241319895609e-01
-4.368563345570993239e-01
-4.859943206454033771e-01
-4.819556032086142472e-01
-5.094973204159057856e-01
-4.579530801975595922e-01
-4.690795263765816236e-01
-4.761018209071619101e-01
-4.537846195606343724e-01
-4.516229481754776565e-01
-4.980751350791880472e-01
-4.810008091131624530e-01
-4.590941455981561448e-01
-4.646965019557988130e-01
-4.852656665849467421e-01
-4.628608110873313475e-01
-4.893558379087389887e-01
-4.693441366579484963e-01
-4.906152403967389830e-01
-4.899087834655098672e-01
-4.972023522101547965e-01
-4.950009762771541144e-01
-4.813059280900569004e-01
-4.778357373193133362e-01
-5.085092195591787156e-01
-5.041638217093294960e-01
-5.272311825842751487e-01
-5.001798537111574738e-01
-5.018569768833915923e-01
-4.918809009869268278e-01
-4.844309457276423370e-01
-4.827880790528227828e-01
-5.331154016781428640e-01
-4.942955672915808618e-01
-5.127334835053638518e-01
-5.292097024259827531e-01
-4.840288714696604488e-01
-5.107813957289109030e-01
-5.166191748905560877e-01
-5.167051406929857871e-01
-5.202116351688730322e-01
-5.373814663252630686e-01
-5.545767467350473101e-01
-5.384459200264499756e-01
-5.304940707336857075e-01
-5.545458543247125949e-01
-6.105326231079167831e-01
-5.580959582939309938e-01
-5.340434822606258125e-01
-5.575652560251358469e-01
-5.464415628890343379e-01
-6.049812006305683720e-01
-5.678820455690217761e-01
-5.740249455462985706e-01
-6.478485063602231753e-01
-5.531777726936403239e-01
-5.703099274519023432e-01
-5.289950724325492848e-01
-5.527300749845115435e-01
-6.112076990077019989e-01
-5.048067240728892902e-01
-5.307763425040158412e-01
-5.264381120729209051e-01
-5.484592320549896982e-01
-6.022743557553973393e-01
-5.013743544298361332e-01
-5.636851303162246918e-01
-5.410771581698464727e-01
-5.173578380822454470e-01
-5.820736556465653244e-01
-5.269742370370298357e-01
-6.350627442253438115e-01
-5.006983811496885650e-01
-5.742563684426585935e-01
-5.551267487499198516e-01
-5.492247484906133126e-01
-4.926111843398483514e-01
-6.389445186553819322e-01
-5.868473019320599171e-01
-5.248119351996484161e-01
-5.458932064623659430e-01
-5.452081232616275974e-01
-5.055352217235593582e-01
-5.052869565281373765e-01
-5.686032150244212380e-01
-6.358899683200358588e-01
-4.806895667696990948e-01
-6.006478052987397342e-01
-5.220685643188395231e-01
-4.578823402718430469e-01
-4.788346558176669876e-01
-5.160268948331920846e-01
-4.613345147790143819e-01
-4.692727464114062053e-01
-4.878326669237459390e-01
-4.473466050668275518e-01
-4.481371060963736941e-01
-4.531892489459814488e-01
-4.438383751162515711e-01
-4.509117746200251853e-01
-4.752896307852110258e-01
-4.663782074483745488e-01
-4.686592825285617048e-01
-4.450986287545308784e-01
-4.701247925841489650e-01
-4.455247811792977797e-01
-4.460924347230517117e-01
-4.772328597631327329e-01
-4.717525258058351545e-01
-4.479021529967102677e-01
-4.785131019340895797e-01
-4.708281189495376329e-01
-4.467128364985960554e-01
-4.704639484899369450e-01
-4.462214405427282760e-01
-4.512845071981058109e-01
-4.506652400685059456e-01
-4.495219117884731719e-01
-4.540116703874619297e-01
-4.944368680186711495e-01
-4.571640628326623657e-01
-4.564697870774908628e-01
-4.927645391539163255e-01
-4.942390203649905112e-01
-4.724420998573768404e-01
-5.333579138818079768e-01
-4.763823588623884442e-01
-4.789694607782611357e-01
-4.689136118354479410e-01
-4.777944517038374972e-01
-4.670231637370980127e-01
-4.489790242680206100e-01
-4.679521328982844675e-01
-4.653078657752969804e-01
-4.397764674862535417e-01
-4.877675365640501970e-01
-5.022151889781631962e-01
-4.624456255792719350e-01
-4.972292756931769864e-01
-4.745786035860389274e-01
-4.578135903349535574e-01
-4.564062032407664171e-01
-4.301085678312190352e-01
-4.718378462374536730e-01
-4.469828667009898560e-01
-5.052400729099306709e-01
-4.920031599385742971e-01
-5.073108045589233006e-01
-4.507797277992039442e-01
-4.299049424167058486e-01
-4.542556144022919518e-01
-4.699931305746793964e-01
-4.361229261827983539e-01
-4.684484270530656080e-01
-4.555832148294156614e-01
-4.295113091171590680e-01
-4.671084050497664730e-01
-4.480494396578892924e-01
-4.467362997043723971e-01
-4.258857690737112844e-01
-5.031357591907142934e-01
-4.665537005772938395e-01
-4.438059362070180813e-01
-4.436182209539469290e-01
-4.801447909332818287e-01
-4.622680589342735846e-01
-4.583661375553481077e-01
-4.578767762175995348e-01
-4.574521728183917890e-01
-4.631071886847253349e-01
-4.463595031256143431e-01
-4.664276954414205423e-01
-5.510979384292474803e-01
-5.091504983535469764e-01
-4.825448182850283207e-01
-4.532794060349275012e-01
-4.548464082135654230e-01
-4.689073194435193215e-01
-4.463708093901723184e-01
-4.451780407964890385e-01
-4.738390384141127343e-01
-4.526451193620540381e-01
-4.322463716955191604e-01
-4.746891910424597683e-01
-4.362678539433473279e-01
-4.482107931198098805e-01
-4.565872234948051833e-01
-4.966069799885881042e-01
-4.393121044164208788e-01
-5.559292706994662936e-01
-4.755181660378215991e-01
-4.345907306472872045e-01
-4.530769487498661485e-01
-4.583119474700193541e-01
-4.269688397879927155e-01
-4.698019217235817058e-01
-4.765222935158111017e-01
-4.474546594370679142e-01
-4.294130483543410204e-01
-4.474414897707256200e-01
-4.226005780911530341e-01
-5.062904701359659532e-01
-4.447967921499511035e-01
-4.608340355426958634e-01
-4.600604332225680104e-01
-4.634821828120352372e-01
-4.590337386030231559e-01
-4.648634215460552555e-01
-5.038690198824883337e-01
-4.595908737105116604e-01
-4.601829917202818754e-01
-4.437980844466343777e-01
-4.825000549892342616e-01
-5.462018011388416472e-01
-5.100016336929522609e-01
-5.044112250325554214e-01
-4.654055462296264323e-01
-4.882922850274575843e-01
-5.842327136275540234e-01
-4.481776848336936903e-01
-4.839295425559667629e-01
-4.475750671669402325e-01
-5.835354786263923232e-01
-4.862021613392306096e-01
-4.682478651461699504e-01
-5.040628455201568991e-01
-4.872917507926819991e-01
-5.069543178064728206e-01
-6.259301987746040963e-01
-4.830252364985701541e-01
-4.644916625277910605e-01
-5.066491694398291834e-01
-4.675211910018904349e-01
-4.417336227684610095e-01
-4.223299518848226963e-01
-4.879319266548359235e-01
-4.843533349351690775e-01
-5.262793413646883467e-01
-5.227463405997800905e-01
-5.693452537337793107e-01
-5.426794180319796101e-01
-4.832904945366016669e-01
-5.172680519042276437e-01
-5.199105677192775721e-01
-5.490661264461227375e-01
-4.339151613320370027e-01
-5.145570608842363614e-01
-5.140309722121430003e-01
-4.536835117099237147e-01
-5.117629716456676414e-01
-4.936505745766749942e-01
-4.730896071787761836e-01
-4.160240675269369359e-01
-4.637990563979103587e-01
-5.280425149053652456e-01
-5.315455381480311825e-01
-5.332479946948518457e-01
-4.822717082736669436e-01
-5.030774698200283224e-01
-4.850031737271287557e-01
-4.813109131558230835e-01
-4.767278510350789200e-01
-4.813623707357629899e-01
-6.346153376880407926e-01
-5.160328065777443074e-01
-5.174849272719088678e-01
-5.166818475019200330e-01
-5.768486638634663377e-01
-4.953160204017064139e-01
-5.488257138447577566e-01
-4.711232808336333622e-01
-5.103087522335800763e-01
-5.686346631288363707e-01
-5.251351201849726591e-01
-5.271524145333821298e-01
-4.249456226644936496e-01
-5.599015557723333592e-01
-5.822215572946575213e-01
-5.201054779215923407e-01
-6.422783117958540400e-01
-5.767600658269729230e-01
-6.111436187590445490e-01
-4.961287849540253481e-01
-4.776100687865353911e-01
-5.914013439792946691e-01
-6.896472924141424654e-01
-5.516649269145897927e-01
-5.671829689911965788e-01
-6.465449159928624567e-01
-5.898165825596293210e-01
-6.655534499630699763e-01
-6.668260024373112715e-01
-6.273687437876871442e-01
-5.250271985350923876e-01
-6.620791298603454500e-01
-5.842358319878830919e-01
-5.795712614374001204e-01
-6.433609973421090533e-01
-7.046865382556432023e-01
-6.399400777040886723e-01
-7.615361443494887972e-01
-7.615925556045458622e-01
-7.404750183523509666e-01
-6.397350548765259326e-01
-6.010474274078818624e-01
-7.619829938937560110e-01
-7.225153553295932118e-01
-6.414908799774886594e-01
-7.402538713117912117e-01
-7.759911323426114116e-01
-7.231250771632870000e-01
-6.043616629718426836e-01
-6.779389520080983944e-01
-5.768818234562309577e-01
-5.634032934826979089e-01
-6.799840117681141827e-01
-6.552160743911105145e-01
-5.801694828499780465e-01
-6.550100714052109474e-01
-5.378352279357750954e-01
-6.794912400655021001e-01
-5.523932787155375612e-01
-4.375531451101548619e-01
-6.343637249836042713e-01
-6.780763709475065015e-01
-7.343651199532661433e-01
-6.208457922904664361e-01
-5.149301214159862639e-01
-6.983773975898592834e-01
-7.169570637227451471e-01
-5.956084901538133414e-01
-6.937759416354555286e-01
-6.348236807969125373e-01
-5.491940158415963280e-01
-7.119354541266715852e-01
-6.320000171636795949e-01
-6.166871711714949633e-01
-5.328170353643573165e-01
-5.730665584389509348e-01
-7.362676782717825219e-01
-5.480094650783039478e-01
-7.163611068787524294e-01
-7.515719970102141545e-01
-8.130725999123725733e-01
-6.548161571556984084e-01
-6.281864802814521864e-01
-7.502984427676053780e-01
-5.883887656618537187e-01
-6.325726120323844626e-01
-5.860728309540783609e-01
-6.709045430391985532e-01
-6.713467034098878905e-01
-6.750650976437370110e-01
-7.289443854554064073e-01
-5.918068289322817588e-01
-6.313256787304767359e-01
-6.501049554599398483e-01
-7.314835805779843492e-01
-6.134607395329056967e-01
-5.107303968135944450e-01
-8.711859859281585461e-01
-7.033627642876750796e-01
-5.285435272778515881e-01
-6.493547546585267671e-01
-6.073443797461298699e-01
-6.496882242707903155e-01
-6.667842532968646374e-01
-6.675547923152075347e-01
-6.908178072319925977e-01
-6.104208914183049117e-01
-6.896175286228105605e-01
-6.660491127927901100e-01
-7.664928964483910256e-01
-8.316828569806614668e-01
-6.680238813824846966e-01
-5.418233625530175512e-01
-8.899906438301589118e-01
-6.280162924107757227e-01
-6.056185401459905915e-01
-5.045682756695860638e-01
-5.904346696524425120e-01
-6.896944561102890114e-01
-7.071445495277111082e-01
-7.309028155204615462e-01
-5.873287824988133732e-01
-6.716999842250053199e-01
-8.287762963513113368e-01
-6.435673512009485453e-01
-7.064305593054591714e-01
-6.258113080682400353e-01
-6.834030151691368182e-01
-8.115809769351264302e-01
-6.262506635900760843e-01
-7.291015624320174027e-01
-7.513458619473738498e-01
-8.403755466482637493e-01
-7.859858326387619831e-01
-5.238231110347328912e-01
-5.666615414499809322e-01
-5.829000488994995344e-01
-5.630453046360690550e-01
-4.037669407396877741e-01
-5.713275896102080198e-01
-5.433251087522193989e-01
-4.416959005382048997e-01
-5.850917209027624022e-01
-7.074503875776514406e-01
-5.028303150129007637e-01
-5.667086552924358589e-01
-4.426985159960748484e-01
-4.035054090073352806e-01
-6.252355457429720209e-01
-4.424347608119961750e-01
-5.247223921527218726e-01
-5.473514122446537788e-01
-6.455360138923418312e-01
-4.222409500443765062e-01
-6.539884374457136662e-01
-4.872245920228662208e-01
-4.817947069195818721e-01
-5.269274060505688695e-01
-5.067960313939682271e-01
-6.058038459589105695e-01
-5.245550744748913585e-01
-6.075232589467500777e-01
-4.855549849141436169e-01
-4.268302513919386421e-01
-5.868182361790066359e-01
-4.829214949141462099e-01
-5.674019352865284915e-01
-4.894525995961942488e-01
-4.871246354414590640e-01
-5.451258617229330916e-01
-6.488401507896159881e-01
-5.243991807109872338e-01
-4.263601450742259269e-01
-5.691738508906134530e-01
-4.676298120399324798e-01
-4.843502475226105775e-01
-4.473907848403153031e-01
-4.502641321000928620e-01
-5.472656413207350745e-01
-5.731487986259667933e-01
-4.508914088637634987e-01
-5.138284409602605907e-01
-5.940966507001528285e-01
-5.482822952627166568e-01
-4.876582477898956935e-01
-5.488723394245001996e-01
-4.488172069846024792e-01
-4.655217795204911191e-01
-4.907682114615181668e-01
-5.937825955314911530e-01
-4.914254610891560238e-01
-5.538273811707145056e-01
-4.721333224344734236e-01
-5.744585475377586015e-01
-4.662485367234757150e-01
-5.524464515656176689e-01
-5.533004334849822570e-01
-5.508179489014087826e-01
-4.649163589235756899e-01
-4.714796470077501911e-01
-5.130083523482799057e-01
-4.927466406861936710e-01
-5.137293228414769874e-01
-5.504299968077787097e-01
-5.965746695686846568e-01
-4.550570212508495138e-01
-5.131975594616733360e-01
-5.671709962245831127e-01
-5.535228965236708154e-01
-5.936495069766745125e-01
-4.676886151004612246e-01
-4.059358429795015821e-01
-4.729323509953156646e-01
-5.115908148295049696e-01
-4.912435314180526036e-01
-4.532322031197514867e-01
-4.679153730642545139e-01
-4.918141922811082867e-01
-5.519232003085212668e-01
-4.521586839964664706e-01
-4.752202601127368808e-01
-4.298641716041272653e-01
-5.941440859601043734e-01
-5.297956529729836994e-01
-4.711243845946998521e-01
-4.903151439512246634e-01
-5.131635502257293480e-01
-5.086290497641544617e-01
-4.689563030959799095e-01
-5.503010304425178800e-01
-4.888402220680125310e-01
-4.922955221996144215e-01
-4.095882336973890037e-01
-4.278672490856192390e-01
-4.473147717168097226e-01
-5.462358770945028308e-01
-5.459126925069418546e-01
-5.284102702827017106e-01
-4.501878041234617656e-01
-5.073591127819281343e-01
-5.126641055238040368e-01
-4.873398453984292833e-01
-4.877951762068329922e-01
-5.698020790362036125e-01
-4.477538826117027915e-01
-4.881239509722107850e-01
-4.894593137626201962e-01
-4.283396991583668378e-01
-4.658872680521477516e-01
-4.677412670256246852e-01
-4.061363204760978229e-01
-5.220212804438790766e-01
-5.422620269943937421e-01
-4.658131233729392306e-01
-4.495610010266552492e-01
-5.071392917544348400e-01
-4.854741367401970153e-01
-4.668620210635492374e-01
-5.067428177086400476e-01
-4.876067051543799269e-01
-4.871130871832353715e-01
-5.705034826870051257e-01
-5.678585278665729819e-01
-5.067435854445087040e-01
-5.251809880930019547e-01
-4.429472965779162608e-01
-4.226176032410988714e-01
-5.485007287640556450e-01
-4.223741319720333842e-01
-4.664767269213856982e-01
-5.445759320636788248e-01
-6.081539967225421117e-01
-5.645764099438568273e-01
-4.435232003508993714e-01
-4.628198942259599269e-01
-5.621440444517530333e-01
-5.077457371236636652e-01
-4.639087861718442229e-01
-4.636693010913235935e-01
-5.843449067899350036e-01
-5.438623351061956379e-01
-4.651940137524527286e-01
-4.214492262446545290e-01
-6.681665259973941229e-01
-4.415757412395291959e-01
-5.274618096764545072e-01
-4.814999747861270496e-01
-4.422151946538778744e-01
-4.619523209105052541e-01
-6.431887789980575976e-01
-3.394314942944441915e-01
-4.809625396102115702e-01
-4.612869051923108032e-01
-4.212660248887866166e-01
-5.450797872078627648e-01
-5.063447043328433983e-01
-4.625113444138863050e-01
-4.413380149431042065e-01
-4.844189814608077516e-01
-5.440908317679870043e-01
-5.007924877217093673e-01
-4.425510042376818443e-01
-4.837801553905876628e-01
-4.645827936007749237e-01
-5.652154491282916915e-01
-4.416655696793123087e-01
-4.214985799203574968e-01
-5.222048572572333125e-01
-5.438685215150905750e-01
-4.805077122227935371e-01
-4.841469549564654806e-01
-6.212726735003450962e-01
-5.242238827838214821e-01
-5.830118883389748818e-01
-5.628305377464830617e-01
-6.032677426532643272e-01
-5.218463723686250777e-01
-4.795855665772574272e-01
-4.816603031624711595e-01
-4.615953080575712075e-01
-4.777984686156060423e-01
-4.792319533732662951e-01
-5.216362883937712969e-01
-4.613957515581250668e-01
-6.028140188217088191e-01
-4.596052828567236959e-01
-4.399544983175732171e-01
-5.643758279497803620e-01
-4.808320855592906340e-01
-5.218902027160977619e-01
-5.010596416734122149e-01
-4.617584433753346707e-01
-4.788178284210199975e-01
-4.394890207001554416e-01
-5.852678169063895153e-01
-4.775506875046153787e-01
-5.010001501739771435e-01
-4.852708405365203093e-01
-4.807461279978522684e-01
-4.591777874420448491e-01
-3.991455186832949531e-01
-6.444697559037885215e-01
-4.567435613790298277e-01
-4.814069749295321610e-01
-4.002652476772506351e-01
-5.009950211962439504e-01
-5.600697313457353443e-01
-5.417557174822527077e-01
-6.627422822490952603e-01
-4.398819744966446788e-01
-5.055025506970306504e-01
-4.233886818442476607e-01
-5.436711566399478057e-01
-5.017111858685292525e-01
-4.207223250217010935e-01
-5.226037371014631283e-01
-4.439457721187266559e-01
-5.436169426430197404e-01
-4.621253900750884602e-01
-5.200432818127979084e-01
-5.019850952079396578e-01
-4.604295407283137687e-01
-5.201079065145759461e-01
-5.230228474646611003e-01
-5.237827831564459968e-01
-5.020505704565947358e-01
-5.012058754206161204e-01
-4.445011514331335678e-01
-4.846355504244572732e-01
-5.038351617434573271e-01
-4.439105136236636273e-01
-5.837350968697790909e-01
-4.217155570232505313e-01
-4.428239833116595636e-01
-4.426246254625257892e-01
-4.871081001220622375e-01
-4.596326810117097317e-01
-4.653361071548804961e-01
-5.272459084678348118e-01
-5.459484734972445130e-01
-4.827805377360566141e-01
-6.468945602829586639e-01
-4.661061347310023750e-01
-4.194562936466349479e-01
-4.028699974815277418e-01
-5.828164685978873827e-01
-5.225312141025176826e-01
-5.677819382547091287e-01
-4.649833208848217492e-01
-5.678415926292860183e-01
-5.045789063417318587e-01
-4.821660810943438902e-01
-5.057452036423010222e-01
-5.673335635407121824e-01
-4.424959144072160289e-01
-5.248152304783115785e-01
-5.033820648384904617e-01
-5.200729635536212037e-01
-4.630005535347520018e-01
-6.695191758819079020e-01
-4.402393327619157914e-01
-4.462937709123304120e-01
-6.270013716808174875e-01
-5.463482916666895228e-01
-4.436224710166423169e-01
-4.853395467597864110e-01
-4.854646073582841170e-01
-4.635968212176059811e-01
-5.272084251584318038e-01
-4.834100843884406307e-01
-4.662176405544037339e-01
-4.438855449961264799e-01
-5.440769057222989424e-01
-5.664809089206638282e-01
-4.412179237754820238e-01
-4.245296911532347450e-01
-6.069546600969466521e-01
-4.211093392573285188e-01
-5.451419559418855254e-01
-4.230448269942077566e-01
-4.430736515551971788e-01
-4.636878865978766306e-01
-5.438053550582110374e-01
-4.644680794170413796e-01
-5.244855533775080181e-01
-5.235110151009612078e-01
-4.649015409993165204e-01
-5.454455404089171289e-01
-4.410964978543427950e-01
-5.437322820086486486e-01
-4.854546717749975149e-01
-4.471058422380035924e-01
-4.464212671778080566e-01
-4.815602216276754222e-01
-6.212849925635702819e-01
-5.263311610649878958e-01
-3.787935360987322864e-01
-5.673095911484310472e-01
-4.434409080350045773e-01
-3.774972268022254718e-01
-4.829661440728835187e-01
-4.610819053396200684e-01
-5.622535324796502643e-01
-4.625084827955035505e-01
-5.237068861281560794e-01
-5.653004137915226268e-01
-4.605878153433736188e-01
-4.420554695694953740e-01
-4.212015040839930946e-01
-4.783624925959740204e-01
-7.613914727554940143e-01
-5.815184191070550401e-01
-4.411857021911849697e-01
-5.209196622797765963e-01
-6.235321113906074908e-01
-5.014824195682328067e-01
-4.816567149938466574e-01
-4.202901903139726891e-01
-4.213635235265947854e-01
-4.597334562629275534e-01
-6.021684233717862211e-01
-4.412695623447329685e-01
-5.407676318327142573e-01
-5.608660937839509142e-01
-5.182666815172658481e-01
-4.388358931805803054e-01
-5.622011976306463543e-01
-5.206708646824625975e-01
-5.207718860904834157e-01
-4.202371316723351735e-01
-5.388031875722861797e-01
-4.385857509278638933e-01
-5.207866845069264450e-01
-5.798408344389041069e-01
-5.460644035907528115e-01
-5.635707871708615091e-01
-4.426492721752884885e-01
-5.989413376018412061e-01
-5.214181309715510970e-01
-4.610078357897070545e-01
-5.610439374496072329e-01
-4.188989006861195685e-01
-4.793799969021930174e-01
-4.815259691283308441e-01
-5.008124731347871617e-01
-5.444319588419263001e-01
-3.805060190920510066e-01
-5.614436136113565290e-01
-5.789574569010335070e-01
-5.767484890029244138e-01
-6.242588593711974054e-01
-5.207875444630394313e-01
-5.028216969158016969e-01
-4.997851766914346294e-01
-4.590550688758016640e-01
-4.367058613152495772e-01
-5.682131987624443603e-01
-4.579130205033101753e-01
-5.003250033319975865e-01
-4.641765118287692338e-01
-4.399749036835269300e-01
-6.239724699659270346e-01
-5.392241435954510109e-01
-6.022648081560191269e-01
-5.419508970776667489e-01
-5.218162025448098706e-01
-4.383653964062630415e-01
-5.017374533461343988e-01
-4.395001307204940977e-01
-4.442037519669781442e-01
-4.825826241179937415e-01
-4.620731478661779801e-01
-5.192500622935459775e-01
-5.262661882863620688e-01
-3.984519048421540921e-01
-4.200946231721466306e-01
-5.221412332073736007e-01
-4.620615315791279931e-01
-5.401727025769244017e-01
-5.828367614638398919e-01
-4.646730534811697177e-01
-4.400242015927374184e-01
-5.038581025469420771e-01
-6.641169881915597317e-01
-4.792321842338230220e-01
-5.857152048951457246e-01
-4.377411637295894886e-01
-5.427162543988808263e-01
-5.658565231057256506e-01
-5.048516701786214256e-01
-5.018828104241066512e-01
-4.577713616389275098e-01
-3.971900595796609146e-01
-4.612728070946339187e-01
-5.637943394338373881e-01
-5.635653665269381163e-01
-5.399752689545188611e-01
-5.609053293878880631e-01
-4.820667907492895421e-01
-4.001545767611757176e-01
-5.810110284389197188e-01
-5.207882705080639774e-01
-5.393310931970867195e-01
-4.997536779506865923e-01
-4.413093565794488082e-01
-4.585698682600810594e-01
-5.201337409590345295e-01
-4.797390011215583727e-01
-5.810456128870773451e-01
-5.631783052038722426e-01
-5.840256630282398831e-01
-5.210448573385777493e-01
-5.258523961065783014e-01
-5.245309700400734298e-01
-4.597817365854567351e-01
-7.069284833935540746e-01
-4.213272732978819435e-01
-5.661084107681959576e-01
-5.218603688448587574e-01
-4.631202397761504663e-01
-3.826923667696856546e-01
-4.645102730137179448e-01
-4.826708076425599292e-01
-5.054160326096824862e-01
-5.078367191733343944e-01
-4.017405950245066526e-01
-3.640189272622145200e-01
-4.659273604448910255e-01
-5.212827628475074082e-01
-6.063645965620526601e-01
-5.206260810350952228e-01
-4.445460050427655352e-01
-5.641789566050033899e-01
-5.602676412676119710e-01
-5.633285839826888131e-01
-6.088103858402600377e-01
-4.202105359714259913e-01
-5.227321744754052091e-01
-5.004184218178207022e-01
-4.600861304019718268e-01
-4.601085536173348256e-01
-5.209321102015254112e-01
-5.226575576031797787e-01
-5.844808926501953161e-01
-5.625017793880421335e-01
-5.246340510794330614e-01
-4.218390341454426040e-01
-5.648842824270555729e-01
-4.004018901758674698e-01
-5.227147790863917454e-01
-4.633885646939813752e-01
-4.812784534621670773e-01
-4.814126017120836099e-01
-5.047440518967428735e-01
-4.820974274354196121e-01
-4.804950515257888077e-01
-4.430283203819253557e-01
-4.823554704053569786e-01
-4.617744614098719946e-01
-5.843301927517269290e-01
-6.432174895387448021e-01
-5.456198895243485891e-01
-6.099560000288880568e-01
-4.616458322103196843e-01
-6.010869969989461881e-01
-4.628272227151499219e-01
-5.010926150016800085e-01
-4.414649656523165766e-01
-5.859423669671312007e-01
-5.425701949293697535e-01
-3.989134933883226597e-01
-5.610206248234139714e-01
-6.044775107981298357e-01
-5.006496177908982270e-01
-4.997109460242563639e-01
-5.412379768310036088e-01
-5.638391833060600877e-01
-5.602539707936606828e-01
-5.445887801642308457e-01
-6.230135028874910219e-01
-6.208282877984633297e-01
-6.046008188964485663e-01
-5.197182685619312625e-01
-6.065825884451416794e-01
-3.773804153777398640e-01
-5.395933315996541690e-01
-4.976875124415878759e-01
-4.824789746895132292e-01
-4.204510586317416476e-01
-4.180293473296890494e-01
-5.014101328593313367e-01
-5.442961525700306114e-01
-4.419712126252874906e-01
-5.035290687385536312e-01
-5.602636707204955435e-01
-4.811734289608775583e-01
-4.804628816505349120e-01
-6.439657592642891171e-01
-4.805667002045436731e-01
-4.814370849295249721e-01
-3.997265250296420658e-01
-4.392605059463619566e-01
-5.226134224014873375e-01
-5.885125050900796850e-01
-5.211495426828480770e-01
-5.030732501478586416e-01
-5.028590675428922241e-01
-4.614522286452276689e-01
-3.989297006953295699e-01
-5.398955835536115577e-01
-4.397439725710250435e-01
-5.023286581287328412e-01
-5.245629876872761610e-01
-5.645752685936114013e-01
-5.630245743089479227e-01
-6.022843841904889084e-01
-4.405965954280063879e-01
-5.609720516992431349e-01
-4.824308328983154537e-01
-5.804322866111386592e-01
-5.034388349239475868e-01
-5.413974017790483817e-01
-5.381591146204616205e-01
-5.358804118553145424e-01
-4.378687716943946429e-01
-5.239456620183244873e-01
-4.604903174263867971e-01
-5.187132216023107034e-01
-4.823580634793740995e-01
-4.800573525801584140e-01
-4.396716428866982995e-01
-4.588197781326950331e-01
-6.662969819945016026e-01
-4.843987954759443881e-01
-4.380752471868295528e-01
-3.965341110811575476e-01
-4.413997245886884802e-01
-4.991234694177555942e-01
-4.394743810021495278e-01
-4.814216047822151290e-01
-4.984746117009302147e-01
-3.999867385238192741e-01
-4.213262159161272336e-01
-5.627040534755340939e-01
-4.780886711417754453e-01
-4.000037313762287994e-01
-5.597544608903848307e-01
-5.198192637261235260e-01
-4.590463046914070033e-01
-4.805537149083005666e-01
-5.822768137979015268e-01
-6.266888668616098501e-01
-5.005821087373706346e-01
-4.769936022047670532e-01
-5.252498693006146802e-01
-4.808603584738781467e-01
-5.438107738169705163e-01
-4.635352845963942037e-01
-5.001622819711042389e-01
-5.436812333319528401e-01
-6.216374949026360897e-01
-4.615072871253970144e-01
-6.003008793212747385e-01
-5.204508832273281316e-01
-4.408182808282798959e-01
-5.405003035813847889e-01
-5.638785674939758019e-01
-4.851623998024726103e-01
-5.858893313296253957e-01
-4.596749868786118576e-01
-6.462813635968740478e-01
-5.823811486130411330e-01
-5.023723887758658746e-01
-5.198826621427741212e-01
-4.600217805424978712e-01
-5.421171058958136335e-01
-5.436145883264820178e-01
-5.462816753983562590e-01
-4.818183815664784375e-01
-4.836583177236086772e-01
-6.264411746995554031e-01
-5.240862935017692736e-01
-4.415155103666203451e-01
-5.405769379955205345e-01
-5.819319102905475827e-01
-4.222651631863449939e-01
-5.044358896461961228e-01
-5.649145040189224032e-01
-5.028404356596509750e-01
-4.365649097285877467e-01
-6.056270521588347222e-01
-4.393836171218059583e-01
-5.399843906735923849e-01
-5.003161514213931849e-01
-5.892721344888500745e-01
-4.408613952968927219e-01
-4.788799594101212920e-01
-4.180709539905376193e-01
