-8.274683014336354780e-01
-1.243279236505653751e+00
-8.757329285846463529e-01
-2.035035187307430604e+00
-1.581001864167664639e+00
-2.797040360826207994e+00
-6.389576114706386534e+00
-5.628142448751080273e+00
-5.492603160381483107e+00
-4.307760694097272136e+00
-2.030609226180269733e+00
-1.237504120998444090e+00
-1.062273995904738699e+00
-1.147887683425814709e+00
-1.110605874416319860e+00
-8.927900731827140834e-01
-8.025890402793293132e-01
-9.186014699899771596e-01
-9.767018632228361419e-01
-1.085321137773064937e+00
-7.735024268249375279e-01
-9.455619576292803030e-01
-1.605827904779453030e+00
-1.157450672378609768e+00
-9.448292392903243631e-01
-9.858463661625782581e-01
-6.687016022602473297e-01
-8.915912455529239056e-01
-1.033277935766180544e+00
-1.074995855028899605e+00
-8.393776961431190786e-01
-9.844700206315168955e-01
-8.869616144896863563e-01
-9.526674678179435363e-01
-1.261001093320082367e+00
-1.532589888746977325e+00
-9.596392706177614418e-01
-1.212633518279515599e+00
-1.221409080253238022e+00
-9.048274915078478031e-01
-1.454993227940766687e+00
-1.344545628745519528e+00
-1.674573618397241948e+00
-1.653806888366731398e+00
-2.110850069169582177e+00
-1.032106059305963885e+00
-1.452052626406180380e+00
-2.375619524397776683e+00
-1.641899556274194261e+00
-1.918067081582348399e+00
-1.902795217274418249e+00
-1.468079071316165329e+00
-1.973969591875831320e+00
-1.973527004323311296e+00
-2.391712845948021915e+00
-2.028865121847945208e+00
-1.656940519006848467e+00
-1.841609815180841547e+00
-1.792190368192101424e+00
-1.607221950193702398e+00
-2.023483437223557502e+00
-1.608042736696979391e+00
-1.964833338549291764e+00
-1.644897114371780766e+00
-1.483978767264800602e+00
-2.049791204205268613e+00
-2.016944782002824343e+00
-2.298710257021778780e+00
-1.997566543008428175e+00
-2.656135838930004933e+00
-2.094076290893919001e+00
-2.252746627641535770e+00
-2.091359172828042734e+00
-1.780950692693422210e+00
-1.248354047950394952e+00
-1.686857919878310907e+00
-1.643662999076880737e+00
-2.419620241805295890e+00
-1.621856405778842714e+00
-2.665932853500230681e+00
-2.376074480682143886e+00
-1.745274184606208978e+00
-2.846818837050764550e+00
-2.572532568282641208e+00
-2.123276097925468786e+00
-2.337648656858387408e+00
-2.581512674527163043e+00
-2.329041828041471529e+00
-1.820686627034115768e+00
-2.067614055410853968e+00
-1.202230856296794270e+00
-1.998327189215542532e+00
-2.895514853168293712e+00
-2.083663334673026668e+00
-2.825939884073250141e+00
-2.870967727176563233e+00
-2.085329693427963704e+00
-1.461203417652890080e+00
-1.451532958890651814e+00
-1.810515036522816201e+00
-1.597992418382474300e+00
-2.211521132025767056e+00
-2.005449555904563752e+00
-1.455785703238096085e+00
-2.004971287202947483e+00
-2.184185219023878854e+00
-1.963434486935897727e+00
-1.971381228486799309e+00
-1.980941488592503408e+00
-1.430778339994423387e+00
-1.580332590776350576e+00
-1.603976973739824174e+00
-1.103056228535223893e+00
-1.419233160123207549e+00
-2.026613940496832189e+00
-1.658509935203433372e+00
-2.390795935841109721e+00
-1.584498797574277029e+00
-1.728683259024500707e+00
-1.706151715485351605e+00
-1.749771018760895691e+00
-1.657193465751728434e+00
-2.215564528378162201e+00
-1.586563234819481139e+00
-1.931456295996740069e+00
-2.261763964682098393e+00
-1.796112002111800443e+00
-1.513003146590128800e+00
-1.449698024697467558e+00
-1.486363682494736160e+00
-1.852892484852185939e+00
-1.550923415343419487e+00
-1.292764119241128329e+00
-1.479950135029880487e+00
-1.502200670270270599e+00
-1.232473150027742159e+00
-1.479777033054794133e+00
-2.426917144076387700e+00
-1.480732175693201258e+00
-1.890776850260859510e+00
-2.215624204983412948e+00
-1.942621337882127097e+00
-8.313146727228457600e-01
-1.540651916666290866e+00
-1.418621331462576851e+00
-1.923319298533023414e+00
-1.306062082538574698e+00
-1.990159693102317995e+00
-1.738231552928070300e+00
-1.091261205880196039e+00
-2.049249444966592115e+00
-1.273432741319899586e+00
-1.553755247762490299e+00
-1.181943552878616410e+00
-1.231180576300087148e+00
-1.826850204562755930e+00
-1.487400429369415855e+00
-1.293810464261586635e+00
-1.501842425078947940e+00
-1.021257647712940919e+00
-1.850004390191354098e+00
-1.244406617248010383e+00
-1.303082948436846689e+00
-1.339844757764606431e+00
-1.112247563032642939e+00
-1.342706028997548984e+00
-1.483571579489906256e+00
-1.366174312187998119e+00
-1.102689129446683403e+00
-1.623942197167457469e+00
-1.540149950976314353e+00
-1.028869369232803255e+00
-1.312251545021797750e+00
-1.591613844477888007e+00
-1.408023953729986788e+00
-1.624998985643823390e+00
-1.083905285704806154e+00
-7.331877958980193011e-01
-1.002187469342188386e+00
-1.171649720098293157e+00
-1.241825460443016560e+00
-1.199859386975548059e+00
-1.395424146981960378e+00
-1.673784970493705559e+00
-1.205478328624107531e+00
-1.509058294765055708e+00
-8.831738076581672203e-01
-1.337147485059653640e+00
-9.141793771541637526e-01
-6.659992770689143748e-01
-9.097080704408422314e-01
-7.666322770106265283e-01
-8.052154775941048337e-01
-8.223224182684856221e-01
-7.328575836816425548e-01
-5.972279499529475899e-01
-1.012369524906333140e+00
-1.016168760687616635e+00
-7.999168726151911768e-01
-8.749585746396424391e-01
-1.230901186879020948e+00
-7.447914365478722765e-01
-6.447699601631298183e-01
-5.985157908698591767e-01
-8.721945157200449161e-01
-9.741442929717591959e-01
-8.604462416268211511e-01
-6.579915291088329621e-01
-6.612398474077888499e-01
-6.315394289501685687e-01
-7.435882038620305057e-01
-9.504353844351416392e-01
-8.866370962913693310e-01
-6.169691189056879521e-01
-7.258211221521887468e-01
-8.053179116222820566e-01
-5.984571197124437525e-01
-8.378680238120115309e-01
-8.375049409091687158e-01
-1.079259920575551757e+00
-1.001105782268528310e+00
-5.812958837571510218e-01
-6.661104904933887738e-01
-7.307585046677061991e-01
-6.001931583595816466e-01
-6.241641173623481142e-01
-7.106254881148065250e-01
-7.767756088578084972e-01
-6.873969118121777688e-01
-7.173716740345892351e-01
-5.632566229788416035e-01
-7.742436503492438060e-01
-8.057732717197186867e-01
-5.137064673780762369e-01
-5.804984329601706738e-01
-6.408832845507277387e-01
-8.251881403137895088e-01
-5.957426114652878413e-01
-5.332856828401549842e-01
-5.386209600028798450e-01
-6.505370518389388401e-01
-6.290220958333988532e-01
-8.154547068169110124e-01
-5.457950025597549937e-01
-6.468594630746351548e-01
-5.459041526145798073e-01
-6.567325661798829595e-01
-8.292955353619084757e-01
-5.209810622033708150e-01
-6.644606246353744750e-01
-8.544337671908999177e-01
-6.065813060646763066e-01
-5.825931500525890483e-01
-5.136371918477865561e-01
-5.566099547920897450e-01
-5.405699571745761212e-01
-5.767373721162861733e-01
-7.983941030177148512e-01
-5.744619159946617870e-01
-6.378676900267477023e-01
-5.598772326479071193e-01
-5.966790548933517124e-01
-5.537905416387249868e-01
-5.609412799822552920e-01
-6.640708498344946031e-01
-7.576804356507235161e-01
-7.549256147051289778e-01
-5.913578929575404874e-01
-5.343137277772249671e-01
-5.202500199795068170e-01
-5.924610147065729748e-01
-6.531466554316039952e-01
-4.981834640808257553e-01
-5.145431734712435645e-01
-5.354499981740202808e-01
-6.293663335262736913e-01
-5.214033469871952597e-01
-5.404572252082328054e-01
-5.847980098506057045e-01
-5.621572971359963811e-01
-5.976190883343346361e-01
-6.667742855400113910e-01
-5.268214206560475343e-01
-5.999875608189361165e-01
-7.022057055425128258e-01
-4.988710687777142549e-01
-5.106480017968495488e-01
-5.107415635500105466e-01
-6.013151419679630960e-01
-5.872551532288596832e-01
-5.652888992611968533e-01
-4.930021464545657484e-01
-6.021670589859160483e-01
-5.020608555373369253e-01
-5.583195233159454762e-01
-5.846689425855682298e-01
-5.499734272484900766e-01
-8.937166524324429151e-01
-5.938992176005986057e-01
-5.293835444468965035e-01
-5.340329508101393508e-01
-5.527600712433451413e-01
-9.702201628040864057e-01
-4.966294579670985088e-01
-6.092461253235312846e-01
-5.818800308433181856e-01
-6.604520800554513071e-01
-5.565242520813385996e-01
-5.813383978790608309e-01
-6.116193005519359183e-01
-5.242760409267829269e-01
-6.538694474236236287e-01
-5.464460459134483639e-01
-5.889879909769070165e-01
-5.131231176356990664e-01
-5.277482324657767343e-01
-5.719764943595654350e-01
-6.739668516427319567e-01
-8.006773988233212291e-01
-5.582486450885805196e-01
-5.828761647068223528e-01
-6.241056577602640543e-01
-5.352985635416627197e-01
-4.942216219976940383e-01
-5.535735248860966795e-01
-6.164566916937370689e-01
-5.549978673760024295e-01
-5.776691312870050332e-01
-6.015046672463695288e-01
-5.750578750663298822e-01
-6.099561378722764271e-01
-5.590197002687474770e-01
-5.064211708186474592e-01
-5.324460340778010004e-01
-4.966519495325549816e-01
-5.058321583380219755e-01
-4.903845938992642539e-01
-5.195098038052046174e-01
-5.279171478208415369e-01
-4.621951953767782784e-01
-4.815175357835635439e-01
-5.108575410762127289e-01
-5.044654521252964763e-01
-5.051785937094962486e-01
-5.017538038658281296e-01
-5.220126433232437080e-01
-5.230708039840074042e-01
-5.000963843208716675e-01
-5.763380172122289924e-01
-7.272986087354473828e-01
-6.347685072376626492e-01
-5.055851899529499871e-01
-4.809613345771326376e-01
-4.553212106083586730e-01
-5.920472891673952409e-01
-4.559194161870593898e-01
-4.803997323490501459e-01
-5.017446753581153995e-01
-5.785502254532286504e-01
-5.673416641825008710e-01
-4.767455236491932036e-01
-5.012720044147144227e-01
-5.433690973098513899e-01
-4.882580960412476467e-01
-5.206136242972211337e-01
-5.330370988043174885e-01
-5.191329857176936180e-01
-5.012675391103958988e-01
-4.815861353432437375e-01
-5.452136159593378162e-01
-5.459236300198883063e-01
-4.999950596555552962e-01
-4.510483793592989232e-01
-5.224715951322407292e-01
-4.551527069045581686e-01
-4.976865309500210777e-01
-6.094948647675356712e-01
-4.553621685027976485e-01
-4.606703491130554884e-01
-4.760110288336207862e-01
-5.549142925735928156e-01
-5.195166191881671613e-01
-4.748336834303082399e-01
-4.994009944114488064e-01
-5.044665723636930776e-01
-5.001216436744982952e-01
-4.506643482321731620e-01
-4.533634808403577687e-01
-5.206513030336165082e-01
-4.982627608337860670e-01
-5.173212508913926921e-01
-4.942409345075613469e-01
-4.742682619197398641e-01
-4.937641235818175378e-01
-4.961604494450020941e-01
-4.729380268142368005e-01
-4.730740125251556294e-01
-4.523404184589139843e-01
-4.960734071190598948e-01
-4.715919606779548356e-01
-4.735514235814435313e-01
-4.749992608125506721e-01
-4.527359485989008725e-01
-4.524279115382253136e-01
-4.541742694928582735e-01
-4.497876408588160069e-01
-4.745104746039100485e-01
-4.493941268634231712e-01
-4.498341302883333004e-01
-4.711519818785306901e-01
-4.502195279905367165e-01
-4.503412458427751286e-01
-4.515660794567316061e-01
-4.713915036488467991e-01
-4.735938583615321718e-01
-4.500559329710849266e-01
-4.506996861505518370e-01
-4.494547466889668441e-01
-4.691573740892508448e-01
-4.533052047755976033e-01
-4.719187502939167222e-01
-4.475634577499675304e-01
-4.480388689950688397e-01
-4.439220510068938585e-01
-4.488058496045569390e-01
-4.467775078190116544e-01
-4.463762468380167991e-01
-4.455559986734480282e-01
-4.449033250213299540e-01
-4.444643813548352362e-01
-4.469650816550346795e-01
-4.446762597474942513e-01
-4.679672195235942689e-01
-4.468365520066993057e-01
-4.495961725097311068e-01
-4.464082720520014536e-01
-4.468749252766822111e-01
-4.444364236276773239e-01
-4.441511626999214979e-01
-4.470584529902917881e-01
-4.443062124893829568e-01
-4.457946929928866542e-01
-4.438094793240234814e-01
-4.434907695724343291e-01
-4.425542364870648782e-01
-4.426409991495933727e-01
-4.447926420984766871e-01
-4.445839484269701880e-01
-4.436674517557265829e-01
-4.399245471389945372e-01
-4.421078549561303084e-01
-4.446275531820068627e-01
-4.412517451413889846e-01
-4.414500817689011036e-01
-4.397524658633880645e-01
-4.419753350491890664e-01
-4.409844634867842728e-01
-4.438172182438823721e-01
-4.402845970924779695e-01
-4.405827186939978435e-01
-4.391575361524368559e-01
-4.421980415382325558e-01
-4.414877589069866604e-01
-4.406104419120341342e-01
-4.409742997420144639e-01
-4.424265269530044953e-01
-4.395437420323643485e-01
-4.418436624225401399e-01
-4.395324281808771771e-01
-4.422100326173961649e-01
-4.398297726191799928e-01
-4.402355477340516576e-01
-4.391268437952357551e-01
-4.407803333395204359e-01
-4.407355560122862559e-01
-4.410851068161211197e-01
-4.405362723133160463e-01
-4.392313459146307553e-01
-4.393111641902147091e-01
-4.394358687571056077e-01
-4.394373939391341688e-01
-4.400312214392407828e-01
-4.404075940041544679e-01
-4.396091601389553460e-01
-4.399090732481704680e-01
-4.390737391332127371e-01
-4.391029270416076935e-01
-4.397175726593425815e-01
-4.395975790559468743e-01
-4.399983687550793054e-01
-4.396217950215898229e-01
-4.397538822338597497e-01
-4.391558707739659506e-01
-4.395683409272011510e-01
-4.392593217139568185e-01
-4.396359883806609803e-01
-4.395071346052818462e-01
-4.396177567231875360e-01
-4.395633305108008759e-01
-4.395572519089189778e-01
