5.576384737307158446e-01
5.262443586374083715e-01
5.133289318061694528e-01
4.524730059147528127e-01
3.627079633940613057e-01
3.074905242501769775e-01
2.124843200970197576e-01
1.569715400503423619e-01
9.238832131253829627e-02
1.085252763931249809e-01
9.893296248044215757e-02
2.015770696060218692e-01
3.566426243163603460e-01
4.670641581687957622e-01
5.314414949816808065e-01
5.289580674665210758e-01
4.980414703221703876e-01
5.245159851519302086e-01
5.415116474033879745e-01
6.196221644645362181e-01
5.968308381447277045e-01
6.546580526796782484e-01
7.114481550155353773e-01
7.934155420792973201e-01
7.827353614586337605e-01
7.563553079517042477e-01
8.395129131678545908e-01
9.032518265440222516e-01
8.804084110572185651e-01
8.982578848742654998e-01
9.140453615355257355e-01
9.047209403040165077e-01
8.978601241415832268e-01
8.919377079079039428e-01
9.078655902347414486e-01
8.945988702842335716e-01
8.900991647359194348e-01
8.609978368475134092e-01
8.086607347607477347e-01
7.523837374781737752e-01
6.478382087982917925e-01
6.457524976525050864e-01
6.451999180272176559e-01
6.550021270322871070e-01
6.193244600961793633e-01
5.864208758601427984e-01
5.348467077956413629e-01
6.078135849296686377e-01
5.671344530735735745e-01
5.868458100292529567e-01
6.594041030547878046e-01
6.355337779970572365e-01
6.500547614061106261e-01
6.219010694174762488e-01
6.594023943650689779e-01
6.281298583111125655e-01
6.809604532746108552e-01
6.293132256833390281e-01
6.520565030118867789e-01
6.721015489329894566e-01
6.442865125719516861e-01
6.288290818409728589e-01
7.256282113747616336e-01
7.064405871096469669e-01
6.789643399422792269e-01
7.717546774538226462e-01
7.079425727386866596e-01
6.817115223200027607e-01
6.454095043625441841e-01
7.292726680252282767e-01
6.695103851145318696e-01
6.832298501090464660e-01
7.157783174717694541e-01
6.679181757914228745e-01
6.845120080206086310e-01
7.316146855798919546e-01
6.560451964336067032e-01
6.999394029200206591e-01
6.827092622786536946e-01
6.840010173484820655e-01
7.303857887932148074e-01
6.683495726849473240e-01
7.230932503772167230e-01
6.833129433730296132e-01
6.618729224434509728e-01
7.093603304818636435e-01
6.670145036619571366e-01
7.229451213542986698e-01
6.411085103757038217e-01
6.402317134546825494e-01
6.883032078577158153e-01
6.658198536467608841e-01
6.957031988971453806e-01
6.915069063679396555e-01
6.657444788119453172e-01
6.233283489132778188e-01
6.410408174366689638e-01
6.364099262310330962e-01
5.866751393298407224e-01
6.449678983765173568e-01
6.421906272355323297e-01
6.337885604523806338e-01
5.860070653331481694e-01
5.846926897210407148e-01
5.724756962801393900e-01
5.668308261439115592e-01
5.846892946196663443e-01
5.691608605226170514e-01
5.748942007450783542e-01
5.984855534196668048e-01
6.534061513512470221e-01
6.814128874663122337e-01
5.912489151452215985e-01
5.985650987728033945e-01
5.548120517347413516e-01
5.592932032310806711e-01
5.286647755274473948e-01
5.517966158634047824e-01
5.591285995804212705e-01
4.841932689701670123e-01
5.262600155786845146e-01
5.222725018686116272e-01
5.663321834906365204e-01
5.275194906343414480e-01
5.505594906465659522e-01
5.296633149751737157e-01
5.386853604534092010e-01
5.283354684454615313e-01
5.187881147866626463e-01
5.101926806644215828e-01
5.304048561053000821e-01
4.971886105306927428e-01
5.254350048281249963e-01
5.157246153283857604e-01
5.619466888837216789e-01
5.378677071649172747e-01
5.474420340518316719e-01
6.067763347703801768e-01
5.421347681930340778e-01
5.395757775950835722e-01
4.649725130629104863e-01
5.192068284567430414e-01
5.030460344937669470e-01
5.334083278458674471e-01
5.301821249610242370e-01
5.489789608217806594e-01
5.651621024855891795e-01
5.736333216580544736e-01
5.782613427865705980e-01
5.510601793582139418e-01
5.888470313375684384e-01
5.511405624863493502e-01
5.435606029203983169e-01
5.409448855595361261e-01
5.640693756632113587e-01
5.595341996062670464e-01
5.669216543085563442e-01
5.582086328513722329e-01
5.742202246989175363e-01
5.434489054270494890e-01
5.860469059233595068e-01
5.653084286382302759e-01
6.216561191965801481e-01
7.085846637371301382e-01
6.596902320764105321e-01
6.654571161872495644e-01
6.312342483630866141e-01
6.015601826397986018e-01
5.755978858919481578e-01
5.301658898964435318e-01
5.676208635070933983e-01
5.800320114141419570e-01
5.238434953864763433e-01
5.239581191616975442e-01
5.351873341823553121e-01
5.360836139681346424e-01
5.283893939304954435e-01
4.872381022007368778e-01
5.277600142616485357e-01
5.464728227367666724e-01
5.184612629335300094e-01
5.442461606735764512e-01
5.154556159743858279e-01
5.310641592435072500e-01
5.330390181020839835e-01
5.469539666820091295e-01
5.327265117685391349e-01
5.636238172103208433e-01
5.491950908031129064e-01
5.281228379515330307e-01
5.707031977179070070e-01
5.639557897502408546e-01
5.620321374771837242e-01
5.184520018292484433e-01
5.470687816432647788e-01
5.307625196921705868e-01
5.181493164896747716e-01
4.660000914140622341e-01
4.981904019275054663e-01
4.802072775053581322e-01
4.810257061022122360e-01
5.458227638161519124e-01
4.901393503695806730e-01
4.911213096497750730e-01
4.705279747683983604e-01
4.517008413498879160e-01
4.685291931606310190e-01
4.918328202590567799e-01
4.513318919240670302e-01
4.371824663608763206e-01
4.488867567279796744e-01
4.401963187431991442e-01
4.445936873054928129e-01
4.530141827817650846e-01
4.800803834741537157e-01
4.790132848692761902e-01
4.588250591976884563e-01
4.547421981078633713e-01
4.364368305306098872e-01
4.036414053315122707e-01
4.363063013409635982e-01
4.436637694667245890e-01
4.391588854088702698e-01
4.236694263920542380e-01
4.395594173728429310e-01
4.211995570999371163e-01
4.522462083622369455e-01
4.308135883609907069e-01
4.236264530136037987e-01
4.377951104330047860e-01
4.539371842005716085e-01
4.361510843768769963e-01
4.524617686483839440e-01
4.448909500244936921e-01
4.463770027119531858e-01
4.161378274405551081e-01
4.346734557972316559e-01
4.459919643000710421e-01
4.320394144897721223e-01
4.176609828521384293e-01
4.406450843575098753e-01
4.422738808463579363e-01
4.210800806665357388e-01
4.600469952481814895e-01
4.538729854343024894e-01
4.595163882105924302e-01
4.186830286957402558e-01
4.201702825570163835e-01
4.583240594928704170e-01
4.843005490053248763e-01
4.663330995298441417e-01
4.362104926745826727e-01
4.184017788002033500e-01
4.539961973614565771e-01
4.638868357985744262e-01
4.474190954622110361e-01
4.560734038913667465e-01
4.269041536449071916e-01
4.314023166268706189e-01
4.308708396499156268e-01
4.423259947717919083e-01
4.491497665956321605e-01
4.901724205013367475e-01
4.655936582798290702e-01
4.604642836433017750e-01
4.959957588446645138e-01
5.061953849144422701e-01
4.882738881544961829e-01
5.011613603602430578e-01
4.578977322641444858e-01
4.607212987908227420e-01
4.426736568689655371e-01
4.720987384656508135e-01
4.828894273082516841e-01
4.801182876598054650e-01
4.916420069431006734e-01
4.449604067834099785e-01
4.586618015166935569e-01
4.846431162863594766e-01
4.738224632117863933e-01
4.549225173472826178e-01
4.541304869555131130e-01
4.673326015231667463e-01
4.492721862551395939e-01
4.238042021547393512e-01
4.187455822446313758e-01
4.657738217173668649e-01
4.626819313929643740e-01
4.077227741325962773e-01
4.207571490817178517e-01
4.377485841016695578e-01
4.281596781837685439e-01
4.057359633343762817e-01
4.467756783682741428e-01
4.114948506354304536e-01
4.312881479768943538e-01
4.177187968791545303e-01
4.266765222509253941e-01
4.304136700756508449e-01
4.333291041742522443e-01
4.468518372505210778e-01
4.245172462557231796e-01
4.321088451722885360e-01
4.399845007332491842e-01
4.539149153011189375e-01
4.587370385604059297e-01
4.669276047562426202e-01
4.502398761081553014e-01
4.194021718946380206e-01
4.474237177046525016e-01
4.496989177146901717e-01
4.497832470059169863e-01
4.446531399059016620e-01
4.540099313949795823e-01
4.874337143196324496e-01
4.611468947588348022e-01
4.585182199754705423e-01
4.577712242228100803e-01
4.758853212034512836e-01
4.668955934405082941e-01
4.405755103051534616e-01
4.575070003313582712e-01
4.617652200817938812e-01
4.630385116107448851e-01
4.497945819332532236e-01
4.363641614866639040e-01
4.274916251705778159e-01
4.417874811580262406e-01
4.375121050646865184e-01
4.694549299861832115e-01
4.501276255810953697e-01
4.431264404429179904e-01
4.454303359690692243e-01
4.459312631242090541e-01
4.396086656966680106e-01
4.738636698816038328e-01
4.566682111873481831e-01
4.723983873259699484e-01
4.714608096180645247e-01
4.703845994971090350e-01
4.468164712202819522e-01
4.341118988998603490e-01
4.355499232281297983e-01
4.436943773332545637e-01
4.338631770212366678e-01
4.519887373220049520e-01
4.607480176471407951e-01
4.606827693780907174e-01
4.678019056730466363e-01
4.695643416149699600e-01
4.683007977133039623e-01
4.675619218673960353e-01
4.545980822934181931e-01
4.681752305851625828e-01
4.367087654266423313e-01
4.746732769665933938e-01
4.534771501388862314e-01
4.589718802082824456e-01
4.660547926039280697e-01
4.431541273871860143e-01
4.507701967978179347e-01
4.461397558738793845e-01
4.580193107737967062e-01
4.468124558204308872e-01
4.626758107222566641e-01
4.538210729497527129e-01
4.563603941354954507e-01
4.610754473222930527e-01
4.609196311220011832e-01
4.577445836498998943e-01
4.577985109776082639e-01
4.549265310430637976e-01
4.473031764238620256e-01
4.572102425197820952e-01
4.577158098603459901e-01
4.520345057835351565e-01
4.533211381240122573e-01
4.522146839102930693e-01
4.626325679629140764e-01
4.566496855855958770e-01
4.487448872295171087e-01
4.438907968619039690e-01
4.616239355442197656e-01
4.492390938945130530e-01
4.421637650950572263e-01
4.594157846080977325e-01
4.533131051509922127e-01
4.446644281211288852e-01
4.487774034203473872e-01
4.520881111270967367e-01
4.537797699985586242e-01
4.652160856626949004e-01
4.555802872068212550e-01
4.634240622643753804e-01
4.672401809923509841e-01
4.533380345999364902e-01
4.602665629011408743e-01
4.578389018047492875e-01
4.467112163277943138e-01
4.643912135904486038e-01
4.553903943252431974e-01
4.534464907778001930e-01
4.550583791259609767e-01
4.604523366599874157e-01
4.587054438418491920e-01
4.535614259757408395e-01
4.591129076182077218e-01
4.603459852346459269e-01
4.576937111022602589e-01
4.626835236220452341e-01
4.559067954421631708e-01
4.542497812520418510e-01
4.565911729524239071e-01
4.548828889355580607e-01
4.557646431693793132e-01
4.516569834530470007e-01
4.542953677180679994e-01
4.613120288831933369e-01
4.522978774138886049e-01
4.530780342505661973e-01
4.568178508848724784e-01
4.543679407158054406e-01
4.582159382493425359e-01
4.545722331939707761e-01
4.560632017853429865e-01
4.591245864424642886e-01
4.537543694710113318e-01
4.527575811217171009e-01
4.536150252893464407e-01
4.502585667051375862e-01
4.579739079962900083e-01
4.545956797287833973e-01
4.548656778710470916e-01
4.520073098333480810e-01
4.601860641803265928e-01
4.572032907620148245e-01
4.597618654878150579e-01
4.563693172805132203e-01
4.516880500797570419e-01
4.545576711852139518e-01
4.544940985210005890e-01
4.587421216556451520e-01
4.555458021252931089e-01
4.535635583470440380e-01
4.548855629760767405e-01
4.597357622158384505e-01
4.518782694519880572e-01
4.539212153306465547e-01
4.542588158735844095e-01
4.526850921972682129e-01
4.570952331157773774e-01
4.540537654503962184e-01
4.552240709896811510e-01
4.547695644928310688e-01
4.531758830750312050e-01
4.585221435689303404e-01
4.577966007220386491e-01
4.542719391369292592e-01
4.528660757532970149e-01
4.536288690807850910e-01
4.548728664959656998e-01
4.567409387080074712e-01
4.546229013516795425e-01
4.553478174416296098e-01
4.533647530948959337e-01
4.547357465933086207e-01
4.524921615576419365e-01
4.568679457003474997e-01
4.567008789336620134e-01
4.572894880870632672e-01
4.522345200067099391e-01
4.547870770835542031e-01
4.543254337112859753e-01
4.576373223797229883e-01
4.557622732856030923e-01
4.557387123886542102e-01
4.549993522875231955e-01
4.542280961661049332e-01
4.560459616605051503e-01
4.565477993124730238e-01
4.560992341573660847e-01
4.544144844680227391e-01
4.551461656587041937e-01
4.556955050254968276e-01
4.551844517825285319e-01
4.570632318249061576e-01
4.538340483847621010e-01
4.569522902157473476e-01
4.552154876333946998e-01
4.547173241522021181e-01
4.549438860347922997e-01
4.570716046796519105e-01
4.562648665697905948e-01
4.549570836816339003e-01
4.544699687135861366e-01
4.546171172335825572e-01
4.560320244573506376e-01
4.555320071555075678e-01
4.550927627437086342e-01
4.548797487194755629e-01
