3.668831735570551089e+00
3.677146319101785910e+00
3.544173136437332339e+00
3.778020505074493496e+00
3.747227456641088583e+00
3.881977079764761918e+00
3.992078202855062319e+00
3.856310964110338801e+00
3.907750297462481370e+00
3.786444588591380001e+00
3.847266361813963531e+00
3.739809750189561299e+00
3.714058108684931803e+00
3.619003516508690677e+00
3.562101910222782664e+00
3.587228047029361377e+00
3.601893293816289532e+00
3.581483157862774824e+00
3.403850509685562908e+00
3.544746832851080942e+00
3.552828565446586762e+00
3.317743800042205038e+00
3.418472473619131424e+00
3.337309109134437790e+00
3.203594012309241457e+00
3.344050406893596339e+00
3.302725536432402631e+00
3.279560820670087473e+00
3.187309736820469031e+00
3.231093790936504284e+00
3.122744062875321802e+00
3.169842263312358632e+00
3.075650747308638522e+00
2.979493948332883502e+00
2.975805906061180561e+00
3.027349771997963401e+00
2.777077825556294677e+00
2.856751190923398021e+00
2.876580982419292276e+00
2.738006144052139934e+00
2.764762843818814986e+00
2.787868652612524478e+00
2.689284444931179241e+00
2.584070538484198210e+00
2.532469187381042097e+00
2.584232583823247609e+00
2.639219871675908102e+00
2.432267966631501022e+00
2.541328737840222285e+00
2.422936080770705658e+00
2.369369744796236077e+00
2.407071908625552314e+00
2.320089555911321710e+00
2.544275577661127663e+00
2.331154082663262628e+00
2.331251857577561371e+00
2.288077481294713333e+00
2.168644508581480057e+00
2.240878617693416341e+00
2.138059948508047814e+00
2.174204983822129567e+00
2.165555586416329170e+00
2.112107840861775276e+00
2.089733989633996813e+00
2.230253465192491902e+00
2.055076976585500148e+00
2.167093511777006043e+00
2.108639373198618827e+00
2.045655485652335681e+00
2.180812572108825620e+00
2.083019267268165553e+00
2.139733788289031935e+00
2.015918742709982503e+00
2.172292137082941998e+00
2.208054892560700644e+00
2.035906031151470064e+00
2.048602756860471885e+00
1.971340687729662644e+00
2.046630619161876830e+00
1.999749956118516803e+00
2.071624336344335848e+00
1.839233384661488113e+00
2.165033124369506456e+00
2.166536937835657373e+00
2.038341596938488376e+00
2.036679942434379775e+00
2.058773778145218003e+00
2.020803865097791974e+00
1.909081457221571521e+00
1.842541844568928333e+00
2.013157029238379803e+00
1.768559292174061826e+00
2.020655803026892627e+00
1.976660535832151622e+00
1.929752612369078690e+00
1.833940817436542581e+00
1.971699551272266149e+00
2.012115788343633582e+00
1.790016884410492448e+00
1.863581622495092960e+00
1.974345940955137380e+00
1.947530185267746017e+00
1.903772768347300914e+00
1.653653699215101858e+00
1.794435793030530801e+00
2.087999761133689347e+00
1.797391685447360832e+00
1.974916326254635424e+00
1.943141105686030601e+00
1.992204206117687004e+00
2.060409253433901355e+00
2.039434213608219082e+00
1.810928737445634429e+00
2.076235413506008598e+00
2.209690752916772638e+00
2.052169524758290731e+00
2.191342023030605546e+00
2.091685055324833620e+00
2.260413032326842320e+00
2.116946222068195382e+00
2.133754686008426660e+00
2.310582419447613223e+00
2.207906853151430759e+00
2.396972409072314569e+00
2.298538842784279446e+00
2.392236899418131557e+00
2.336485743318656105e+00
2.458735954208894903e+00
2.447114416778219947e+00
2.403335971965763651e+00
2.556603241756020939e+00
2.454817628508248362e+00
2.535444506500792006e+00
2.425239945812470932e+00
2.576719649766009201e+00
2.537773220478227731e+00
2.694273128649822269e+00
2.681452919053039619e+00
2.655735827865780330e+00
2.626066417020711974e+00
2.743333753986985535e+00
2.752786030263286055e+00
2.767802136729391904e+00
2.806109957942756417e+00
2.783318971320302815e+00
2.736816195123330964e+00
2.682469606695607744e+00
2.944422035177021613e+00
2.860547092238308942e+00
2.793005457809432546e+00
2.915418220852677322e+00
2.908868864447579305e+00
2.914517141446077098e+00
2.872493868582036924e+00
2.919624943041292831e+00
2.969875587140385242e+00
2.733887764227655559e+00
2.862947667174058353e+00
2.954356242489534878e+00
2.922462818985321675e+00
3.117181268894190005e+00
2.997193334205575876e+00
2.942352506173057325e+00
2.940568323553459429e+00
2.904419090687355709e+00
2.931362789179738026e+00
3.011599054083551330e+00
2.907842154373667665e+00
2.971316037381479092e+00
2.943951819380343338e+00
2.965821342479567413e+00
3.056937498155069211e+00
3.068810089128505059e+00
3.045074991276388587e+00
3.020742836333285997e+00
3.083005709645181724e+00
3.015764255760625456e+00
3.047150991519844698e+00
2.977279520649661393e+00
3.153215122403001835e+00
3.064246796459741518e+00
2.888832314437482118e+00
2.916743011745424052e+00
3.017466067216597381e+00
3.095879662327349013e+00
3.073323925946197743e+00
3.088920996828885546e+00
2.999024602963761499e+00
3.205913775448168579e+00
3.195735669109702748e+00
3.046659123634433808e+00
3.003521179838569033e+00
3.173666867666052660e+00
3.190588802248981448e+00
3.180527336798296023e+00
2.991681208273760273e+00
3.201268449827393336e+00
3.113053238859609273e+00
3.231938200325781274e+00
3.089326535727622058e+00
3.109440231049753756e+00
3.076583318049954219e+00
3.111528052620550877e+00
3.217675807608418204e+00
3.094058558851857210e+00
3.162531568389411518e+00
3.234514857956144240e+00
3.190811184387156274e+00
3.176183923900947725e+00
3.063687903049299610e+00
3.263898103662628003e+00
3.051450784045188769e+00
3.059967591356347771e+00
3.102769174683268183e+00
3.095299856116378479e+00
3.126541923436040538e+00
3.094863803868250773e+00
3.182370769935408905e+00
3.200314245039846295e+00
3.152999391870811241e+00
3.146911104363296463e+00
3.109606918193171587e+00
3.093588440626395375e+00
3.134435291416914904e+00
3.166035265628451167e+00
3.184295015588570532e+00
3.250890624909441584e+00
3.056791081321685422e+00
3.255822798333048773e+00
3.223809417433426638e+00
3.122843585602430139e+00
3.249976381417910787e+00
3.100374604109013443e+00
3.091772150222398707e+00
3.010743765463880006e+00
3.110687412204561575e+00
3.157956475887974790e+00
3.163859958863135535e+00
3.249104065168296529e+00
3.147145487236683525e+00
3.057853041905378877e+00
3.057855154802997522e+00
3.158147665200965015e+00
3.064809138034249258e+00
3.259955574732385397e+00
3.139829790318523717e+00
3.163947936066169309e+00
3.056409215068506491e+00
3.224200723672402624e+00
3.078070140730160720e+00
3.138078424162139335e+00
3.215042667795545484e+00
3.101720018561342940e+00
3.056448088063354884e+00
3.052993734967079931e+00
3.094260029695665271e+00
3.183253771158409240e+00
3.026351702441071545e+00
3.002925498681874306e+00
3.058925116568437019e+00
3.059858369777307630e+00
3.162252795929330951e+00
3.031739242483800112e+00
3.000791464631519023e+00
2.948780157678257741e+00
3.116236687229791968e+00
3.034440049580782173e+00
2.832788454607857442e+00
3.097546748555203511e+00
2.925914244756125271e+00
2.939095673512173157e+00
2.931191429006884341e+00
2.991495747846958153e+00
2.948723870289704951e+00
2.917484019189425126e+00
2.959278901061314304e+00
3.031216261750707908e+00
3.057304232400845923e+00
2.939494077345630174e+00
3.025775271883715423e+00
2.891366135056835596e+00
2.933013757887075634e+00
2.872212784305181010e+00
2.956058840152640421e+00
2.937057475972949305e+00
2.892320297017996644e+00
2.742105711809789348e+00
2.855713583353444385e+00
2.915058320781342527e+00
2.835989517835989737e+00
2.817921362952111597e+00
2.932852501480013530e+00
2.898715077238001037e+00
2.871994417762101293e+00
2.807726337645091608e+00
2.837252650419861855e+00
2.800773439836187872e+00
2.740445006393237737e+00
2.698274243380026416e+00
2.828648705549968501e+00
2.769287478714332895e+00
2.877367534344260847e+00
2.606349342086107246e+00
2.724769899699840181e+00
2.816169756818350578e+00
2.665047163177315603e+00
2.970752818899817793e+00
2.796407779266807392e+00
2.782338688225047818e+00
2.787483065895460577e+00
2.556044597484824710e+00
2.682767706682287923e+00
2.701591644864533404e+00
2.667411062758933582e+00
2.727439074576270883e+00
2.525355497186050791e+00
2.677887250592186241e+00
2.657593172180577223e+00
2.789210050246553774e+00
2.745207374311231074e+00
2.669044839693527127e+00
2.533067290665822036e+00
2.589843557821627673e+00
2.583201034562994103e+00
2.520561414751411267e+00
2.635191876659670918e+00
2.679074968727974237e+00
2.574840638984540409e+00
2.665141878895710636e+00
2.563911930168160325e+00
2.674621397403373457e+00
2.546818136010005951e+00
2.492169389316514216e+00
2.500036672519602376e+00
2.417433070011873131e+00
2.445452367815024175e+00
2.354954019652518937e+00
2.498945356868105705e+00
2.516953838172133029e+00
2.427374102873926631e+00
2.335300842850732916e+00
2.343086492582460156e+00
2.390311910208779533e+00
2.225104969740624661e+00
2.408266556250451274e+00
2.359894887155617127e+00
2.458234831753300931e+00
2.342204714551691769e+00
2.447930433623789703e+00
2.472193340118775673e+00
2.340576160163820862e+00
2.422186934358307564e+00
2.362176458391694656e+00
2.282845530534238332e+00
2.244177715486620706e+00
2.342315543328244765e+00
2.399683193139170001e+00
2.409738987083671624e+00
2.313520843184404541e+00
2.153342421320268318e+00
2.176302821113107910e+00
2.139262638928356886e+00
2.285413420707558263e+00
2.169163351790556860e+00
2.227137218592858847e+00
2.159347286520839848e+00
2.194224916349316601e+00
2.202288031462920070e+00
2.112230509936124268e+00
2.169976305254692761e+00
2.240832441427776711e+00
2.271611944513497683e+00
2.181314908722104651e+00
2.147399489328242872e+00
2.087130423990620542e+00
2.134015942774497798e+00
1.986741993164808706e+00
2.149893284365955282e+00
2.012668333667628762e+00
2.190207626546055941e+00
1.983235828721434668e+00
2.102255994480224377e+00
2.029235596758004689e+00
2.080858681658257936e+00
2.069296402675997459e+00
1.960160891726826726e+00
2.086889391526610460e+00
2.050725685259713771e+00
1.909184199777799407e+00
1.948862544803142249e+00
1.939403190261530519e+00
2.049008756005852749e+00
1.938311645440962572e+00
1.961596287232022284e+00
1.988471435961339573e+00
1.931506120153433370e+00
1.945372550668184042e+00
2.084352776358726178e+00
1.816314425790837017e+00
1.943628198482096892e+00
1.840718121514864247e+00
1.858847868410189230e+00
1.845444497962113628e+00
1.828460247790750559e+00
1.828645723640874410e+00
1.784251413974135891e+00
1.836698953260154754e+00
1.846544296664467399e+00
1.773711686998327597e+00
1.759980787070613895e+00
1.731272855907796782e+00
1.901099613600528926e+00
1.830958172331514255e+00
1.861377474188828485e+00
1.934622662748196609e+00
1.762736094300689338e+00
1.637535178017548887e+00
1.831688312479670122e+00
1.824471020913496222e+00
1.862386993602474616e+00
1.775404281677357865e+00
1.896097460744452734e+00
1.632521887129439353e+00
1.778086881487923376e+00
1.820572540430841046e+00
1.816289235639343635e+00
1.708415948618450697e+00
1.881895377970346672e+00
1.781123475265713463e+00
1.734350731902645215e+00
1.792865779849359464e+00
1.703233427854820903e+00
1.755508227672456956e+00
1.712783898850302355e+00
1.592956738939185213e+00
1.644527514130534662e+00
1.624678824748340800e+00
1.609616959247623713e+00
1.677310921112317610e+00
1.737755484000389039e+00
1.690946957044132226e+00
1.689528757523004465e+00
1.634875092990539569e+00
1.621077322342881155e+00
1.539138458249535102e+00
1.539480870043190341e+00
1.497750680801669620e+00
1.395941492236540293e+00
1.642951583368992274e+00
1.498211314929405180e+00
1.502752908188149661e+00
1.504432824365834476e+00
1.362742372317620632e+00
1.600842677473223397e+00
1.563461093033147620e+00
1.533191548993946274e+00
1.482545949206369285e+00
1.553970921526407034e+00
1.574857489891051898e+00
1.280571240643014308e+00
1.641997295308495586e+00
1.524632592991323143e+00
1.532057729140367641e+00
1.475005832939591421e+00
1.603888208523399861e+00
1.491365906827822219e+00
1.543683637721726676e+00
1.524783859339283065e+00
1.455903863187471670e+00
1.519898996969254679e+00
1.555521845850218243e+00
1.439838021969331194e+00
1.592133797828919617e+00
1.459596597848789923e+00
1.303409723018060129e+00
1.401098155658291766e+00
1.432384676872525020e+00
1.394250367514295652e+00
1.347692608355868016e+00
1.595091057316933236e+00
1.434665073131234259e+00
1.330075665290311182e+00
1.355496015172515278e+00
1.357572623696325920e+00
1.285244322251793969e+00
1.375809077369306799e+00
1.212038006698976877e+00
1.255691586385349279e+00
1.166501779275415984e+00
1.331960964176809092e+00
1.397815485622497578e+00
1.161992843729751534e+00
1.320356669316287146e+00
1.117147061367324445e+00
1.357956345961238931e+00
1.300795810588895485e+00
1.392464772831105480e+00
1.168436029961625211e+00
1.188311727324740108e+00
1.330883025588007529e+00
1.274771958914119319e+00
1.439324090864300354e+00
1.446864941689611994e+00
1.395811297320250999e+00
1.255742161670944546e+00
1.164779028836993469e+00
1.358916222420221143e+00
1.314682097962860396e+00
1.382036957348079298e+00
1.373453793000400047e+00
1.102986239128638024e+00
1.309511120335323353e+00
1.419126269715263788e+00
1.370685475868318903e+00
1.408907838668673085e+00
1.364698968715825078e+00
1.337353393073889007e+00
1.299225188366272654e+00
1.409560640913833929e+00
1.314120596526338725e+00
1.229765161010490493e+00
1.389003626582037798e+00
1.270742538604101135e+00
1.152920270448024143e+00
1.201350694626147186e+00
1.301060158782697984e+00
1.411717622111870352e+00
1.407014260340768708e+00
1.371974005363419069e+00
1.265813168858437088e+00
1.068970502487081031e+00
1.440462267876329472e+00
1.251567199566010258e+00
1.286915073131798426e+00
1.339986857571169310e+00
1.273847307611184698e+00
1.163316407533765195e+00
1.055081847426037278e+00
1.343181165171762670e+00
1.284755870490455809e+00
1.219470322586720279e+00
1.223653764320344894e+00
1.342718387078859932e+00
1.074620097898991711e+00
1.351862780567651523e+00
1.319819763338956120e+00
1.371764208486483172e+00
1.238409400234342650e+00
1.281761417341918730e+00
1.235118350490671979e+00
1.401039449170086382e+00
9.274554399595067444e-01
1.437979626291071789e+00
1.141756034797529518e+00
1.154396854550183926e+00
1.191615515269715653e+00
1.350925260256267579e+00
1.234118258616795583e+00
1.201315948918646903e+00
1.203874584880032295e+00
1.294581440713030274e+00
1.300751557148202453e+00
1.303526096901902909e+00
1.250925732587802708e+00
1.011655460644038662e+00
1.174689118652787245e+00
1.223445594581781704e+00
1.208085842911071905e+00
1.231104648601667906e+00
1.128231848717086594e+00
1.120835577494752267e+00
1.238508105304738427e+00
1.098274437896522127e+00
1.189838846761720026e+00
1.168257885729965695e+00
9.252705455470127127e-01
1.077519584407650166e+00
1.205550625745956284e+00
1.154655082912013020e+00
1.067647005101368896e+00
1.200665779014414847e+00
1.099753001453234624e+00
1.179721172174324373e+00
9.275392888923527090e-01
1.041438789249748309e+00
1.247505463503649770e+00
1.092784922567819672e+00
1.152478153105742864e+00
1.002461821578542134e+00
1.065067144979529923e+00
1.051252931447002936e+00
1.215048984889187889e+00
9.516295589089149853e-01
1.006504294555851331e+00
1.056018296820261826e+00
1.154383670805792184e+00
1.044463316333346325e+00
1.138975753549359649e+00
1.140328881966276020e+00
1.000382349910128310e+00
1.126600972116068355e+00
8.510439065815657012e-01
1.183250852119936747e+00
1.028382924979571955e+00
6.794379435046843385e-01
9.611270681922583492e-01
1.244732420638099413e+00
1.091198439458946901e+00
1.071349655041065496e+00
1.019194313665336526e+00
1.114570463668420608e+00
1.020784125678175336e+00
9.456551141213289657e-01
1.161697738566226157e+00
1.228709087439872061e+00
9.838342805214304043e-01
8.857505045760089013e-01
1.118741701975417779e+00
8.090719175019899234e-01
1.043806621615213093e+00
1.041171642110750861e+00
1.093677112532049245e+00
9.035646093249577460e-01
8.176831648393588781e-01
1.006269107422655740e+00
8.904063254962021334e-01
9.213831639607894530e-01
1.025917494864397206e+00
7.787577773795557601e-01
9.845473367818436961e-01
8.195592980695051155e-01
1.021123502491684709e+00
1.026821171726162385e+00
9.370666991003894220e-01
6.938098752857509988e-01
1.039046390939982523e+00
8.412730371045868960e-01
1.016427253227567329e+00
1.104638378169536805e+00
1.073602039591611490e+00
1.035778996925759365e+00
8.427972210333339875e-01
9.773350875612003552e-01
8.948092645052675431e-01
9.336955321709414779e-01
9.426267195626814033e-01
1.036654439811105499e+00
1.151636041160083002e+00
9.942118843235436820e-01
1.010574813609135258e+00
8.376269247224013004e-01
1.035099336737761222e+00
9.829316290158988112e-01
1.018838945936859863e+00
8.415415095420403224e-01
1.130687592571768540e+00
7.876008614371127203e-01
1.035575615563254059e+00
8.574636557031217743e-01
1.140568424779998313e+00
9.100293767198597283e-01
1.111526985495297160e+00
9.282537192981829000e-01
8.786985944453116204e-01
9.629021530646564297e-01
1.039049348579597520e+00
1.071668446534474795e+00
1.066612548215446932e+00
9.745604797040334777e-01
7.785189080627606950e-01
9.777786567772075443e-01
1.093555916169447251e+00
1.029230098923339831e+00
1.034516797713852743e+00
9.477708399179417542e-01
9.273070368240733385e-01
9.554058742840279006e-01
1.172848848357199270e+00
9.284276730560043767e-01
1.163600123223019756e+00
1.122814847318621689e+00
1.141921561913290972e+00
9.760384599177146514e-01
1.137023615144637789e+00
9.712537104979632741e-01
9.856635313343333760e-01
8.761947516783118450e-01
9.456160782846890767e-01
9.960315946457264369e-01
1.042496905135186003e+00
1.060389708568880041e+00
9.084628767036362351e-01
1.103823017781912164e+00
1.131938740226728912e+00
1.049450943185999074e+00
8.998440408542625057e-01
1.241812824020962047e+00
9.725440406824585882e-01
1.061342218471294396e+00
1.126759740194601456e+00
1.090433003751648977e+00
8.817225299540983885e-01
1.012878633234448822e+00
1.126204230287524366e+00
1.085382251751654481e+00
1.173520105522753321e+00
1.044521138581509856e+00
1.138486370134377923e+00
1.033545371345942820e+00
9.459869926717625610e-01
9.907340669020738844e-01
1.119446166127653797e+00
1.169063884125918440e+00
9.305189287545759802e-01
9.414180777772596098e-01
1.200479462869071590e+00
1.137670651799452592e+00
9.965531000856181487e-01
1.004080559298717867e+00
1.040798109066558785e+00
1.215457135628401852e+00
1.179040388271544115e+00
1.020349746420035952e+00
1.183090590415897703e+00
1.145076350490440653e+00
1.008569971027963197e+00
1.187642313241247471e+00
1.150139863909407811e+00
1.285754920132278212e+00
1.026722861686719224e+00
1.080596112138984877e+00
1.213545078145410017e+00
1.126665600564971115e+00
1.065287590376874816e+00
1.203584295380261349e+00
1.220875564024879845e+00
1.029902823740726170e+00
1.174593994590115154e+00
1.015122638452697901e+00
1.258004563826998323e+00
1.069562850374370377e+00
1.228141193658538688e+00
1.044656190932526041e+00
1.150181320723359768e+00
1.063875473087617207e+00
1.012555372167999179e+00
1.177684633662091640e+00
1.115287195976578216e+00
1.088016572892846812e+00
1.287574380387925155e+00
1.222564542445907954e+00
1.199018970997496547e+00
1.190710216364966545e+00
1.115968977415688679e+00
1.273439305428688773e+00
1.348945964576533596e+00
1.299546485385606243e+00
1.181168867738528583e+00
1.198447874699602567e+00
7.983157973855190548e-01
1.131770592660894970e+00
1.275014521856974392e+00
1.265739327129256520e+00
1.214911795613157430e+00
1.376786351256438667e+00
1.246307992331528780e+00
1.354729226256313757e+00
1.170063217661585497e+00
1.256508338541895364e+00
1.380357106317128713e+00
1.273682159742188347e+00
1.284747096551570822e+00
1.271172104949356729e+00
1.270617784393967664e+00
1.265103289955641142e+00
1.345373396627396634e+00
1.367599809048521076e+00
1.233417065058559636e+00
1.271497959681518131e+00
1.206777104565652348e+00
1.228630596180581458e+00
1.230253023268048418e+00
1.265810264081898895e+00
1.321247464069938315e+00
1.222699934404118505e+00
1.275065963680326542e+00
1.326740856803826585e+00
1.433420678152045324e+00
1.293471296015509919e+00
1.326872817378853320e+00
1.304510383999728518e+00
1.313785616371598408e+00
1.459555688810170393e+00
1.359656303462462912e+00
1.445209067504252598e+00
1.408715184910361407e+00
1.514407099253022526e+00
1.351327804741967009e+00
1.410325832420938674e+00
1.453040605746649838e+00
1.457731857995406166e+00
1.285752578657103129e+00
1.510746730609894506e+00
1.534257701177146771e+00
1.551049236437253676e+00
1.503090278034383109e+00
1.389016035057762277e+00
1.470248800731775773e+00
1.547753402041017301e+00
1.485409909376606663e+00
1.493534122479142967e+00
1.491136054095888896e+00
1.654392833425240683e+00
1.565363355079386842e+00
1.424779970441979682e+00
1.597070703781088064e+00
1.682884923723195758e+00
1.608950158120157514e+00
1.406489546165399451e+00
1.558180990594465909e+00
1.474289694269148798e+00
1.589152473892714301e+00
1.677011632741972180e+00
1.543087731939208895e+00
1.430812669557818051e+00
1.556857622035742184e+00
1.526783585948750410e+00
1.595898061439050108e+00
1.495101105189472479e+00
1.538828161229548686e+00
1.647864081314788010e+00
1.565180532672757474e+00
1.650422031923290511e+00
1.688773231190116242e+00
1.626353181279626137e+00
1.697346345476349549e+00
1.666853789110146478e+00
1.549846232294260107e+00
1.848402539317824500e+00
1.665769520708629159e+00
1.553142792636396319e+00
1.651365224868551529e+00
1.598644646832274141e+00
1.736556797307394318e+00
1.675398425065780517e+00
1.629153467384726328e+00
1.600060045653907581e+00
1.644778578421190796e+00
1.653076876208956492e+00
1.665355082680828769e+00
1.768455169457354037e+00
1.595471332999557568e+00
1.651463169306020218e+00
1.842410450146815037e+00
1.710509966562616668e+00
1.757391366435239410e+00
1.641891846612405503e+00
1.756967440679719550e+00
1.695309781385205383e+00
1.762166175744577679e+00
1.760239926511542929e+00
1.711269931846342462e+00
1.660799012127135876e+00
1.627593107051350962e+00
1.778513515708325388e+00
1.674863658065439465e+00
1.769794667114716225e+00
1.765403013842197222e+00
1.780432025238003924e+00
1.779321525756757616e+00
1.710533717639564522e+00
1.697611904720309095e+00
1.651196253363115929e+00
1.773956053941452948e+00
1.959723491249534044e+00
1.803539865877797688e+00
1.642744888767025513e+00
1.911948382540338054e+00
1.775328897666130334e+00
1.885139753690167508e+00
1.751670487793985043e+00
1.744605448827945215e+00
1.696063088416092102e+00
1.814980079780701416e+00
1.905385535108764516e+00
1.776459830481043500e+00
1.810569387384852069e+00
1.722359790144974534e+00
1.886181398161755896e+00
1.752495247083525109e+00
1.811973718654782628e+00
1.904506892356430781e+00
1.840935069386605782e+00
1.774787780151431571e+00
1.828152329291802936e+00
1.837056764608026915e+00
1.862040124313703915e+00
1.833841074623993928e+00
1.864231137125665017e+00
1.792202383345949279e+00
1.803711359571804174e+00
1.701328883198460984e+00
1.837808433462688296e+00
1.880384790153973196e+00
1.857281065625907335e+00
1.889665263874960699e+00
1.800572151136281995e+00
1.730208255280865082e+00
1.831209372637267352e+00
1.949107754046528695e+00
1.735497841517354978e+00
1.777656711403893697e+00
1.859747252501445791e+00
1.710231907230146398e+00
1.820280724405816564e+00
1.862676740270454268e+00
1.801358958066147098e+00
1.809154962059515759e+00
1.820547316999617360e+00
1.813790662848345780e+00
1.881264874605158566e+00
1.870090530501435033e+00
1.944438262911149629e+00
1.871204364865251657e+00
1.887868288568683051e+00
1.722248056015344586e+00
1.854773318620315470e+00
1.961863032540742902e+00
1.714183188280442138e+00
1.825561417737097569e+00
1.746966424306763521e+00
1.796770957328696960e+00
1.646073719423133852e+00
1.738077411204751233e+00
1.664758999053794541e+00
1.770888585517846225e+00
1.718572762246080021e+00
1.919705709109821967e+00
1.835513444513475756e+00
1.722901832190756100e+00
1.776528919001520768e+00
1.722719887332151867e+00
1.735216968237958568e+00
1.927998634760506036e+00
1.709790318862695280e+00
1.723239418011031088e+00
1.669778255791615429e+00
1.763520782464168990e+00
1.787657977703024148e+00
1.714258437354362563e+00
1.674062131189369085e+00
1.713557528566678423e+00
1.722892873909413147e+00
1.753170785903944262e+00
1.659045437064815554e+00
1.745531370452256148e+00
1.715993925376953166e+00
1.790036117496065726e+00
1.685284267269247183e+00
1.787770655941514519e+00
1.724755092800340339e+00
1.762769073547742149e+00
1.757332623337152677e+00
1.786533076085806249e+00
1.712162963636100654e+00
1.810274864312651166e+00
1.646408773221056165e+00
1.714542444005289878e+00
1.815348225002721749e+00
1.787835886025490373e+00
1.775524587001659160e+00
1.674630162554707979e+00
1.713072031756542435e+00
1.737757295471081154e+00
1.575954558973408082e+00
1.768191047131077553e+00
1.809696093794023186e+00
1.702636325747386659e+00
1.682224748583478480e+00
1.716477089153165991e+00
1.616266795127974110e+00
1.680679447954741557e+00
1.680149230263329407e+00
1.757495541266708372e+00
1.728995820373822934e+00
1.882356975218890005e+00
1.751555217740140558e+00
1.755972577779088883e+00
1.556688103637949405e+00
1.750088796800237878e+00
1.670970601747359119e+00
1.642471251306427016e+00
1.689253523785019695e+00
1.638094468387079505e+00
1.655739517357884827e+00
1.612305160614823540e+00
1.757007386418841355e+00
1.594527514687032355e+00
1.765129171615606118e+00
1.730317019924012323e+00
1.744479303749054910e+00
1.765823996757016179e+00
1.659446298182628787e+00
1.841498247885028805e+00
1.715489925300435869e+00
1.621667603027517890e+00
1.717155421683556060e+00
1.778103546174450544e+00
1.687421677234321571e+00
1.700323500606099492e+00
1.669026350222984068e+00
1.822907129037628859e+00
1.771365283366807875e+00
1.717886800368585432e+00
1.799902568024080329e+00
1.574550436367193607e+00
1.805834350295421054e+00
1.791726784512787551e+00
1.747663569283977258e+00
1.718357962947758111e+00
1.774195104797237299e+00
1.661474516490258679e+00
1.618111589839577702e+00
1.733743219127559243e+00
1.822900996258665973e+00
1.707686293317878468e+00
1.619572639339515341e+00
1.588761070588332602e+00
1.708399569639474258e+00
1.636703329657588579e+00
1.671079494849909919e+00
1.721138533617224020e+00
1.805969512147167499e+00
1.627360987866612430e+00
1.715009222200598149e+00
1.690457974334399260e+00
1.751452806919219007e+00
1.611481336970694844e+00
1.650276676263096265e+00
1.686519709710530224e+00
1.661657131631370410e+00
1.670235520888046388e+00
1.643553816512317134e+00
1.694523262131986119e+00
1.666314753402589943e+00
1.737154058948566782e+00
1.752238353825304129e+00
1.781892923947092200e+00
1.753513755890695025e+00
1.778205001517489725e+00
1.663230252135234677e+00
1.732104811461937288e+00
1.691570419765025868e+00
1.685431130789477372e+00
1.758397809211217799e+00
1.762896595427425606e+00
1.677530497223607364e+00
1.607292537507111652e+00
1.666285748310826209e+00
1.661509383157629527e+00
1.679973316660496652e+00
1.743732861929518929e+00
1.651494975333774873e+00
1.764384371098153936e+00
1.700589177531758533e+00
1.702201039749115186e+00
1.708971456666767974e+00
1.652104620510240762e+00
1.583589396555080686e+00
1.779309188928506869e+00
1.587469930471522517e+00
1.795776187753093556e+00
1.586698638634030045e+00
1.700463180818771125e+00
1.653477339721814099e+00
1.639414001542559118e+00
1.543101762468809923e+00
1.551060914043441707e+00
1.658918244877592318e+00
1.643839922545626386e+00
1.620204405385515578e+00
1.561590235411461247e+00
1.660789271827700864e+00
1.554473963955171678e+00
1.627051981434806116e+00
1.582311767963582527e+00
1.549842826039383059e+00
1.455381993117583539e+00
1.554988588541104555e+00
1.452053975961002052e+00
1.527556990672791049e+00
1.409371328710073978e+00
1.507942175935725881e+00
1.626187581337610544e+00
1.562534188972939830e+00
1.660297346620409398e+00
1.561239225147914134e+00
1.543649445821648092e+00
1.388547057402314433e+00
1.522890073862110061e+00
1.494035171753990587e+00
1.382903735487861274e+00
1.542785841852189810e+00
1.445200002129981787e+00
1.578991213438828645e+00
1.618484483098086679e+00
1.370213782975497230e+00
1.477673914863495419e+00
1.615192359078846840e+00
1.473724533859305019e+00
1.683635606148532693e+00
1.513016494111826704e+00
1.550079480239592522e+00
1.438001877952851615e+00
1.546793925172335271e+00
1.363814981965267625e+00
1.446332986781787344e+00
1.501079217424001522e+00
1.520143939340617312e+00
1.584498134550701209e+00
1.453384289140757568e+00
1.618166032235183405e+00
1.469451657583279669e+00
1.404971193174185062e+00
1.495912283421871880e+00
1.552852020824212698e+00
1.652335420808290989e+00
1.551012352808366135e+00
1.391591340016224532e+00
1.536199596017941316e+00
1.637271155782551002e+00
1.464008879761040216e+00
1.457666067430099854e+00
1.414405144143247917e+00
1.333948925616521342e+00
1.333119230123970267e+00
1.550245833639215753e+00
1.237870165935824440e+00
1.428124373693154370e+00
1.595925376254684558e+00
1.533256461541169458e+00
1.698875999551194171e+00
1.501663643199222520e+00
1.695818919090566146e+00
1.497376474625506049e+00
1.561470468858443317e+00
1.624586874549826865e+00
1.489250075692309272e+00
1.556637570841413076e+00
1.533450493991526331e+00
1.581889610364000776e+00
1.533240922591323274e+00
1.699745721285686573e+00
1.648546259408905090e+00
1.518681618750179929e+00
1.513560229474311791e+00
1.575223865173843274e+00
1.636711001899501250e+00
1.744896639667197435e+00
1.642893818960385222e+00
1.545841770336815912e+00
1.714338654651845983e+00
1.608140966754986412e+00
1.615913773264673337e+00
1.685735820512054506e+00
1.500870815925970936e+00
1.551663642460981318e+00
1.628666389208436538e+00
1.564240376893670570e+00
1.520991651024520719e+00
1.614997349503844548e+00
1.667195258063580043e+00
1.598649743937583967e+00
1.668876830586280002e+00
1.539137167348617385e+00
1.480889828916504891e+00
1.567375768555135718e+00
1.389631831361333170e+00
1.619057621308116923e+00
1.462162714337910119e+00
1.481195766624153087e+00
1.665686652547549107e+00
1.478886710723398501e+00
1.510295104421909729e+00
1.439823437201521283e+00
1.490001560079516896e+00
1.527264341588086216e+00
1.433811486031509652e+00
1.447712417359194426e+00
1.468085046836280272e+00
1.411594421932538701e+00
1.460502843635166137e+00
1.409667025968781129e+00
1.551241034286821696e+00
1.465405001202538138e+00
1.390104544182716451e+00
1.435957981738020139e+00
1.505937637177965804e+00
1.482170629132243622e+00
1.455746663291430654e+00
1.466722249740886053e+00
1.410814604898595448e+00
1.392209166610855586e+00
1.319845807345425337e+00
1.342217762468098652e+00
1.381694487932010107e+00
1.315135566893058217e+00
1.435615148868955471e+00
1.361488961904152806e+00
1.435608013567323482e+00
1.449379253633333864e+00
1.264676946009188230e+00
1.509002976559330911e+00
1.348959919814872066e+00
1.386914573172342680e+00
1.353868358449816567e+00
1.389591731349949288e+00
1.236326131898307867e+00
1.388054574536813579e+00
1.386321514216553030e+00
1.403148927768576470e+00
1.261339503385011440e+00
1.395535727035338791e+00
1.496703247994872532e+00
1.396973754932177458e+00
1.297375119977108859e+00
1.398684863417090307e+00
1.505150344925945571e+00
1.398344715739126887e+00
1.264739667904698495e+00
1.368173486949009199e+00
1.421546584735861485e+00
1.331845866696732994e+00
1.222920646141372192e+00
1.193998241032667051e+00
1.292629705181210786e+00
1.220285778327060866e+00
1.375459998685318430e+00
1.459500944608045359e+00
1.407937833791617965e+00
1.270030381553031829e+00
1.373827356176751335e+00
1.355046047206333482e+00
1.151285057216940855e+00
1.233792457621493144e+00
1.294426777121303385e+00
1.269684155878268772e+00
1.240442554099858041e+00
1.295934240774529123e+00
1.303514103810707425e+00
1.345287020305103276e+00
1.263068956748608196e+00
1.226417378122410140e+00
1.295585467573862948e+00
1.247280408496054704e+00
1.147658438462344943e+00
1.309799954412828704e+00
1.325035816686837453e+00
1.187543923449567718e+00
1.394304052503021252e+00
1.318060127268076753e+00
1.311405929488459465e+00
1.254977750909820333e+00
1.382316692017515170e+00
1.319411780984717897e+00
1.284361121751172341e+00
1.450309454573039725e+00
1.242536194721484577e+00
1.316121458176766845e+00
1.390985968106129844e+00
1.267906756227836773e+00
1.209327377397138026e+00
1.332243770314250009e+00
1.269963101369392833e+00
1.205457569378716842e+00
1.214804656539578032e+00
1.386839815819587152e+00
1.386058308287057672e+00
1.300587006407625035e+00
1.394281527782641694e+00
1.361613384704517093e+00
1.372810150568398280e+00
1.360862461825387948e+00
1.345736378965737279e+00
1.366434232252512038e+00
1.476758947503005626e+00
1.392796132581222146e+00
1.360288020544038190e+00
1.440202599585854060e+00
1.394257696207689579e+00
1.371220305558365382e+00
1.385251140807028269e+00
1.456897835203066149e+00
1.387603777977993502e+00
1.447578240398810889e+00
1.375265713085058517e+00
1.518580615256241773e+00
1.476336182643744444e+00
1.255575449913267638e+00
1.488451913014169570e+00
1.537965569673898747e+00
1.394247165639075137e+00
1.495058339939120851e+00
1.486043424045118355e+00
1.396105145594093599e+00
1.318907095675030172e+00
1.516195227092735465e+00
1.354789393975260658e+00
1.452517029576108953e+00
1.477226754868608882e+00
1.529774014638844326e+00
1.355926812702494821e+00
1.448556882638609933e+00
1.534404340426017699e+00
1.499670339204026037e+00
1.395215471785432149e+00
1.410607805986801022e+00
1.483068564470263251e+00
1.447777061518904729e+00
1.468700019359383102e+00
1.524705110731078950e+00
1.603879752459067110e+00
1.486401327138602735e+00
1.382313118604981295e+00
1.541619331382268365e+00
1.565232433954579339e+00
1.456049284298526869e+00
1.642512626114193131e+00
1.594500126103671755e+00
1.475380541353344510e+00
1.544864338954733407e+00
1.636241456313523690e+00
1.646495888973779742e+00
1.656306375210223836e+00
1.457409983186487956e+00
1.555661351113901691e+00
1.660546578756444625e+00
1.660100967348813628e+00
1.606644742223533040e+00
1.637923437330296439e+00
1.561576332350958829e+00
1.721497046241982298e+00
1.643945284701554543e+00
1.640643600011024050e+00
1.794357581683115432e+00
1.575324530248881194e+00
1.648122599556003598e+00
1.686520588562677947e+00
1.776809046103080547e+00
1.790906261671314947e+00
1.558695362517772853e+00
1.780177621593792781e+00
1.709164474507894660e+00
1.742560245148574216e+00
1.698694550270031467e+00
1.610415143368154611e+00
1.718578373145605909e+00
1.802877052464693763e+00
1.838683194915276653e+00
1.796064605878747278e+00
1.729152043355296708e+00
1.774159311292669905e+00
1.731324548404582719e+00
1.900018033286704711e+00
1.773693261732051329e+00
1.703510648838227448e+00
1.756300085422568102e+00
1.894528486533818334e+00
1.732254989543748458e+00
1.911943735846388437e+00
1.949897744522292919e+00
1.817762996351633298e+00
1.856609134838332897e+00
1.802584229774145674e+00
1.925493069650174194e+00
1.833919751015996802e+00
1.759160351063136396e+00
1.776510758783724775e+00
1.936972063356436236e+00
1.773892997105366742e+00
1.827233572437364062e+00
1.801333608956302346e+00
1.894874045776714144e+00
1.938010766553018627e+00
2.033972476837877075e+00
1.871373261314549286e+00
1.899862293469774199e+00
1.899525671469473487e+00
1.906526575884819330e+00
1.942384420056177063e+00
1.803002334687154651e+00
1.776121915497868908e+00
1.835943063750775872e+00
1.842812048772358713e+00
1.760874978420905235e+00
1.798957588780379480e+00
1.959579846902028910e+00
1.911012502401597368e+00
1.803539851621291934e+00
1.928165316616019975e+00
1.945574986662596428e+00
1.993240954981052138e+00
1.802981813262729327e+00
1.939785305334145171e+00
1.809822065435665817e+00
1.969346657646280585e+00
1.891987213588569805e+00
2.014413818481430418e+00
1.888373178496838722e+00
1.901415284016618745e+00
1.820274531055125600e+00
1.754856594661630353e+00
1.959194255242115990e+00
1.818325362806452850e+00
1.728964494380722083e+00
1.949819641077602972e+00
1.810185687146597111e+00
1.809739053390925001e+00
1.812748267928994128e+00
1.827604732094882056e+00
1.769532183073651010e+00
1.807033215219321143e+00
1.869362840278105065e+00
1.777161894010555798e+00
1.776361003651723447e+00
1.753377253153791671e+00
1.684861021227204381e+00
1.720899698292239544e+00
1.646517838902541442e+00
1.799785694078820164e+00
1.778202566982357347e+00
1.743511506958034474e+00
1.745351542131083455e+00
1.717434478263078379e+00
1.780037779756214134e+00
1.745030381363111394e+00
1.787107149259996586e+00
1.657711379262414964e+00
1.681204856700296402e+00
1.634674043627746931e+00
1.858811926782349522e+00
1.709233171104918014e+00
1.695118937300652773e+00
1.580131838035512049e+00
1.629513121210934612e+00
1.747256394870251528e+00
1.746581590141551787e+00
1.843947143533885447e+00
1.814924031568726726e+00
1.720088119646177249e+00
1.776562897947048025e+00
1.733285318423901877e+00
1.690868846643531986e+00
1.556048519087429360e+00
1.657631901685859166e+00
1.708748473534679402e+00
1.713533024715815367e+00
1.625349380991764070e+00
1.619026950406960985e+00
1.726715842847410531e+00
1.807890574067011702e+00
1.703526305018437714e+00
1.613804184441806955e+00
1.712183778231905151e+00
1.595945819460960369e+00
1.579052605185716551e+00
1.583329509017894710e+00
1.588897713878669737e+00
1.727851677872982439e+00
1.659183943046439014e+00
1.552151061862829140e+00
1.543556439796863522e+00
1.672241952400672416e+00
1.565089990230451145e+00
1.342768974301505880e+00
1.526866354518604307e+00
1.596770197651236511e+00
1.558634869576164483e+00
1.509153724876672431e+00
1.502262456463905327e+00
1.643957400701895111e+00
1.478080318319773490e+00
1.442466360533829262e+00
1.428545421582259056e+00
1.522408047097204120e+00
1.546630329908438517e+00
1.507956326301044259e+00
1.471373824759601767e+00
1.485167412610579829e+00
1.529938070937124861e+00
1.418394218301722187e+00
1.351291498448474293e+00
1.506016547509298364e+00
1.455348105080462862e+00
1.369956479637761682e+00
1.267377201502822848e+00
1.421468000674257048e+00
1.449239830564509335e+00
1.445553505595125632e+00
1.426646769679749127e+00
1.430519841569227513e+00
1.474514002610925356e+00
1.380179390868050859e+00
1.625893831940687484e+00
1.446625291069062236e+00
1.458762159289698879e+00
1.345751138319537521e+00
1.381489223040729630e+00
1.386500687201893012e+00
1.423881441746960075e+00
1.469595972051933375e+00
1.549325560516541689e+00
1.597784049393768058e+00
1.511001746769869980e+00
1.532470506098713159e+00
1.562052226810559441e+00
1.560443123857441439e+00
1.666597358348651081e+00
1.503485368834690750e+00
1.470381248080207204e+00
1.379255947832071172e+00
1.537167796734739467e+00
1.617691138869657319e+00
1.652276846662674714e+00
1.538064330189415241e+00
1.563394934326583829e+00
1.532247129265447594e+00
1.725162888979614673e+00
1.719269577869523280e+00
1.653241779046475957e+00
1.735721113330617404e+00
1.739747842811366407e+00
1.659529282487175683e+00
1.724157604938466815e+00
1.738865264332787985e+00
1.870287036132862957e+00
1.742515568658867364e+00
1.802899846678354567e+00
1.681382792296724826e+00
1.780431215895835306e+00
1.837676979371613672e+00
1.756729166007251930e+00
1.776716459496361145e+00
1.722467034862611657e+00
1.764783705486415499e+00
1.778232298244062370e+00
1.823033136338311433e+00
1.841675618933037661e+00
1.922707129494821254e+00
1.859332462334599256e+00
1.860027921134883355e+00
1.892068556586037342e+00
1.876657963605079305e+00
1.890090375934536215e+00
1.915298598200781743e+00
1.962723882332579661e+00
1.663489212227897918e+00
1.884475443895835545e+00
1.854838095858350133e+00
1.805597658438871989e+00
1.769863739577438588e+00
1.716364413458667748e+00
1.832441334588608361e+00
1.841522758676705784e+00
1.743135014933478111e+00
1.627846616479828867e+00
1.848279720554182770e+00
1.646717423678534464e+00
1.862374986095642448e+00
1.816671730762378090e+00
1.798084877050730501e+00
1.631895812455384398e+00
2.030560296291339384e+00
1.757301788154188582e+00
1.789307874879466409e+00
1.821174760371781387e+00
1.820094215639171065e+00
1.777891986950634440e+00
1.733407230101882801e+00
1.689912682884177286e+00
1.732622029813355669e+00
1.784313098153171850e+00
1.919222984140554367e+00
1.695878210965431121e+00
1.823234289909797523e+00
1.803838610643418550e+00
1.725157057285984674e+00
1.840401380269770737e+00
1.834895911960795711e+00
1.714290977195495946e+00
1.722911996499620901e+00
1.623592153741993505e+00
1.676845639007200850e+00
1.645237698064476062e+00
1.716022222349529835e+00
1.678474895315036353e+00
1.572273665692167199e+00
1.621562917048377184e+00
1.676155624305637470e+00
1.664454434944937500e+00
1.784426206027951212e+00
1.799931575685369101e+00
1.702974672025519665e+00
1.572496313894737874e+00
1.701851016546745532e+00
1.764307604887797254e+00
1.616557565623058856e+00
1.675421888791511771e+00
1.756845100885747080e+00
1.563449282572658250e+00
1.555458303924979191e+00
1.626043411690633267e+00
1.660986728411415925e+00
1.704421645628644955e+00
1.737111249103196364e+00
1.622310346489229005e+00
1.566941306526050237e+00
1.692719623363676096e+00
1.796529922540089697e+00
1.576289701000838983e+00
1.668791736298899542e+00
1.589630499391510243e+00
1.665386995066048703e+00
1.559521719760409431e+00
1.799007184053453834e+00
1.600649388466983680e+00
1.693599900292216409e+00
1.656245757460198531e+00
1.673683770256741976e+00
1.655884160295697516e+00
1.582716722319347014e+00
1.576575988243900994e+00
1.747171062538821262e+00
1.506327391712829922e+00
1.604858957365126182e+00
1.611021650547564521e+00
1.660412257549359616e+00
1.721531187066183799e+00
1.513575469653091865e+00
1.586367807944004671e+00
1.651978968400190650e+00
1.462024097751931873e+00
1.569129551571743608e+00
1.563475234638686429e+00
1.719156835821271212e+00
1.636689757829349778e+00
1.603002370879180294e+00
1.631915746163480119e+00
1.544647892241967968e+00
1.518346434445241533e+00
1.447537944806462917e+00
1.625192490895813746e+00
1.602954582206354894e+00
1.479452807490541311e+00
1.597617198097807334e+00
1.656528579865818251e+00
1.720352288475255120e+00
1.685815469181319859e+00
1.647313494936452072e+00
1.489331598990584871e+00
1.590373032264518205e+00
1.761537761374013300e+00
1.524465417625027408e+00
1.618884550969466041e+00
1.666993570206575681e+00
1.638615871731430751e+00
1.564182046673316506e+00
1.612521762689895777e+00
1.613410599968700954e+00
1.619854954496890986e+00
1.643677566534240020e+00
1.519328787016127169e+00
1.497200869272008461e+00
1.447937343514250408e+00
1.433155313589008495e+00
1.345896110482361685e+00
1.578767035390804985e+00
1.440747750103565927e+00
1.434617481286482921e+00
1.492117405361560456e+00
1.530704761788426849e+00
1.382376193389076802e+00
1.473184324478407081e+00
1.511617219898096831e+00
1.448560715905913954e+00
1.530431052122772639e+00
1.521321631511243222e+00
1.525720810764123359e+00
1.457499806597789771e+00
1.641372101949742701e+00
1.408584400671751169e+00
1.483286611499683216e+00
1.450173762807555944e+00
1.458202340731968416e+00
1.415046934865869410e+00
1.454289618663723971e+00
1.435349515397488229e+00
1.429308240902475990e+00
1.341774784272016907e+00
1.431686047138406304e+00
1.476871993323667365e+00
1.378349154891145290e+00
1.671731563703133139e+00
1.468692913410438949e+00
1.446478933867297423e+00
1.526424892091468255e+00
1.507317424778120474e+00
1.451847240880557832e+00
1.523936146389532675e+00
1.664062370195579676e+00
1.490600455384652578e+00
1.586286179437574440e+00
1.585661555758715702e+00
1.373721473742933297e+00
1.685752159821166218e+00
1.624979749630465209e+00
1.567851263403811979e+00
1.506086357775461959e+00
1.519907192604497581e+00
1.513511309846771180e+00
1.641579886562976709e+00
1.529895467949551557e+00
1.529699701355463848e+00
1.740953517767265257e+00
1.653922057290233560e+00
1.577025740648042795e+00
1.550804421008094458e+00
1.756920345803197669e+00
1.566657083074435741e+00
1.689400548116984480e+00
1.639820441210117608e+00
1.642130933997729247e+00
1.636812801970620512e+00
1.630193020760164035e+00
1.692725737071061554e+00
1.651177572275126959e+00
1.587364880197719597e+00
1.737288696620957085e+00
1.648930716902041516e+00
1.680364044416509550e+00
1.763414619485276003e+00
1.762652393985314037e+00
1.727123309709650334e+00
1.708208814706263290e+00
1.649692945649386511e+00
1.731607933028114443e+00
1.665060766144716986e+00
1.674912017324384772e+00
1.726569205059560685e+00
1.580244502593859401e+00
1.721877725604157749e+00
1.680688145619624763e+00
1.672851378686028845e+00
1.614882467695894608e+00
1.652632938495453008e+00
1.773925410234540978e+00
1.692498013848982019e+00
1.595141674515631935e+00
1.693080992656773809e+00
1.687885113635789969e+00
1.756118719098370473e+00
1.521058439277168439e+00
1.684307081633522607e+00
1.637905638742458425e+00
1.652737419957796217e+00
1.645695266353399688e+00
1.599992428274808365e+00
1.652624910449974394e+00
1.765397596424773230e+00
1.619270212720814284e+00
1.570771246080318484e+00
1.530740892569045775e+00
1.673692045539534767e+00
1.662323167929496970e+00
1.734646105608981470e+00
1.559555392474693658e+00
1.598499382978401773e+00
1.664277245734879784e+00
1.615489409506050800e+00
1.568665529831585026e+00
1.685346627593456548e+00
1.766870512953628847e+00
1.690628583017168340e+00
1.673883657990832274e+00
1.771911325313290542e+00
1.706214607790524251e+00
1.673803245023951058e+00
1.609747484967565700e+00
1.500436832441093049e+00
1.652917926928675119e+00
1.521617847171015114e+00
1.691920899501957676e+00
1.543210751148699877e+00
1.588905610866284901e+00
1.593724406038337316e+00
1.720725762734348852e+00
1.587407873989461482e+00
1.678014071660255624e+00
1.564421552935961968e+00
1.670075041495367785e+00
1.641763102004013541e+00
1.591982810488341116e+00
1.597513753258681612e+00
1.529492743962780343e+00
1.514540571471093555e+00
1.548369399502129484e+00
1.566529007760221415e+00
1.567300577109723703e+00
1.390910096784380379e+00
1.455683748900525432e+00
1.537497034809678365e+00
1.445351047503865560e+00
1.571668226510625432e+00
1.430738477950086240e+00
1.597780125937556583e+00
1.446099989426090859e+00
1.507868355523758641e+00
1.438516174862316088e+00
1.459191148162788609e+00
1.413000335708759492e+00
1.475176295888961375e+00
1.364710155644130785e+00
1.410318218524303502e+00
1.487579217397519749e+00
1.415690660196320394e+00
1.316293286184950562e+00
1.471887988501067834e+00
1.463775679043469946e+00
1.223628969014703527e+00
1.460801940630914508e+00
1.297869514501129862e+00
1.427652656138920451e+00
1.234747935227243021e+00
1.409506154816573709e+00
1.525921887777721198e+00
1.405053545974428442e+00
1.341806794120673496e+00
1.398058294863975481e+00
1.460139766227339875e+00
1.268698673693288370e+00
1.373212400799083133e+00
1.265112093311478336e+00
1.444067339595339838e+00
1.357624844118510143e+00
1.244545523802229603e+00
1.253984345986763227e+00
1.404833511772266341e+00
1.290364896105469894e+00
1.321324525066450262e+00
1.370469184819260056e+00
1.292957245813492806e+00
1.267658813212078739e+00
1.319290166264000863e+00
1.402453208187305123e+00
1.296845890861662465e+00
1.326354075366805496e+00
1.346481036802329001e+00
1.368264663445916351e+00
1.240082050336952291e+00
1.450348470869144535e+00
1.381453142698928493e+00
1.404996971963186292e+00
1.317985920080652074e+00
1.286789586877190139e+00
1.358674337654920183e+00
1.321323328975192668e+00
1.335484528998925002e+00
1.368340197656930046e+00
1.393524030138510783e+00
1.409597462639762488e+00
1.419073617442449864e+00
1.346397810941825757e+00
1.384399484135800273e+00
1.417879494741667079e+00
1.431462331232299157e+00
1.298901897931265204e+00
1.354540939070115080e+00
1.420569758805136695e+00
1.485219513759323595e+00
1.424615059657417859e+00
1.537849200766622237e+00
1.449536059461561610e+00
1.557118890010970702e+00
1.450169738865568769e+00
1.463158144472053612e+00
1.546475259432346538e+00
1.618469486278250713e+00
1.558463428031660047e+00
1.565584227189707356e+00
1.580797017816106154e+00
1.658226439436668809e+00
1.670039898249277677e+00
1.527684696280598997e+00
1.613239618250083218e+00
1.683670504947518243e+00
1.680934041446861871e+00
1.605090542959758615e+00
1.713815715826395358e+00
1.589671538684364727e+00
1.683605108885348312e+00
1.662355251484968433e+00
1.618803133759907587e+00
1.596007209677411609e+00
1.602536918920244302e+00
1.751837513920891265e+00
1.756460171681627491e+00
1.621323029105820490e+00
1.593903883580887637e+00
1.646519887616291644e+00
1.773899993818980336e+00
1.657504333894656900e+00
1.642981891339633682e+00
1.656549883189066819e+00
1.530281007247420444e+00
1.709891858096943995e+00
1.723801747655508976e+00
1.702215627004265430e+00
1.559180210064880390e+00
1.569206410946879071e+00
1.698404469876955147e+00
1.750454255707720952e+00
1.523198804749450908e+00
1.792925666635315496e+00
1.742430048740798654e+00
1.613666307361699470e+00
1.626524633170445711e+00
1.798271095042598411e+00
1.697715492986613395e+00
1.647294852047325620e+00
1.810166857793578554e+00
1.649512797953721410e+00
1.650686663480005922e+00
1.636931153562384500e+00
1.699986340817446040e+00
1.702991890459622182e+00
1.626008123865655852e+00
1.757059387877740742e+00
1.730306299515014024e+00
1.738037759303661112e+00
1.807794691522894626e+00
1.729546954992560837e+00
1.727936342929269342e+00
1.663212310456692045e+00
1.709247529573927116e+00
1.610661048805378082e+00
1.656143317139430415e+00
1.516025751038855285e+00
1.713293152489428817e+00
1.741446920439138291e+00
1.773107274837782743e+00
1.610048301506455282e+00
1.816542652556473181e+00
1.702669967127396156e+00
1.735813533057364300e+00
1.753075086180974740e+00
1.492002118806439848e+00
1.773287012332714685e+00
1.608432219050118794e+00
1.733249096230168318e+00
1.589803177803364997e+00
1.625189216496047750e+00
1.646146734435398828e+00
1.667738456720737172e+00
1.657861055171043096e+00
1.712228497497285673e+00
1.716030863154513142e+00
1.830631925383255698e+00
1.671208810922313104e+00
1.728927613282235098e+00
1.688357207658141235e+00
1.694897021215976407e+00
1.620066874481011610e+00
1.699307054746529211e+00
1.624603281952975653e+00
1.710402163338886172e+00
1.665671871116387814e+00
1.676465313486296571e+00
1.565241896753162276e+00
1.651426753872393904e+00
1.659082375639214124e+00
1.680097430804163405e+00
1.763818379222554800e+00
1.686599363395518525e+00
1.636311929675328347e+00
1.620298273457466465e+00
1.665232297717047727e+00
1.622486200610872453e+00
1.700209117162539973e+00
1.586129282202382473e+00
1.786331085150058229e+00
1.709273304965066353e+00
1.606065238901811298e+00
1.505917692657942286e+00
1.553730928902853581e+00
1.695903423157449241e+00
1.712408426965871255e+00
1.553942890478461791e+00
1.683927108106620940e+00
1.494166632584478460e+00
1.552241897567354867e+00
