4.033395653318468277e+00
3.796966448818297479e+00
4.052930453236799124e+00
4.087557315151995496e+00
3.898232780726226920e+00
4.125225396656494681e+00
3.965140361943904068e+00
4.002640249713102172e+00
4.014454242371836123e+00
4.112268100648087454e+00
4.137098107262507263e+00
4.147356697959028615e+00
4.165920775028022049e+00
4.171039529407038593e+00
4.047149321424224233e+00
4.137531012208238934e+00
4.146336385328880603e+00
4.104261788818218903e+00
4.000912190244465982e+00
3.913111653180515681e+00
3.975501515656871376e+00
4.092810945765133823e+00
3.974120840977911850e+00
3.999782123842917425e+00
3.869265230897326102e+00
3.922689402960394478e+00
3.898353554745755289e+00
3.882185636632510040e+00
3.911625978472138776e+00
3.953466681850544617e+00
4.027817707308043005e+00
3.971966840625951622e+00
4.098290324101141913e+00
3.961914455266457580e+00
4.012186925612674315e+00
3.982054912302522176e+00
3.950977096878446559e+00
4.019751003936948841e+00
3.921028736403483261e+00
3.907825864650767311e+00
4.009338986804618976e+00
3.899672690733497760e+00
4.019766863996713013e+00
4.015874064198117210e+00
3.963416477453079789e+00
3.950096714663026365e+00
4.007315232524015336e+00
3.967512674403287587e+00
3.794720382568078421e+00
3.823973648005067005e+00
3.874308693832589245e+00
3.959242993694275015e+00
3.988442005468078477e+00
4.060220736518757256e+00
3.916259314810125680e+00
4.091116257599047401e+00
4.083110952668594251e+00
3.815381713640273453e+00
4.004342499688065438e+00
3.977148129151858225e+00
4.010399673257625253e+00
4.057499742887714866e+00
3.955423111100137668e+00
3.882838372194108878e+00
4.036095975405431524e+00
3.870073823443959782e+00
4.000130452738531517e+00
3.956197626527229616e+00
3.920253273489745283e+00
4.005670230339261728e+00
3.945458473760098617e+00
4.079592602045263305e+00
4.044747951437386746e+00
4.021700344920751569e+00
3.920170379011936657e+00
3.835930352351356376e+00
4.001413279487186614e+00
3.944992733386861961e+00
4.162459206590486183e+00
3.893033073545357325e+00
4.095446049965591584e+00
4.009442214224668177e+00
4.140172576389420378e+00
4.090504284710425154e+00
4.021170929244069825e+00
4.050353068009140856e+00
4.029559090596595006e+00
3.985136304374971239e+00
4.119004719537403325e+00
4.195778973154196123e+00
4.144962805293559427e+00
4.239360001923093257e+00
4.245116283015995862e+00
4.168379412142185991e+00
4.137757166589957514e+00
4.264137407502247790e+00
4.141166847494811343e+00
4.248890876689847218e+00
4.242218835353132711e+00
4.256009897639319917e+00
4.200931467430053523e+00
4.116333291126132998e+00
4.260189369381119917e+00
4.238466071922043277e+00
4.233998618729414964e+00
4.236877842259226590e+00
4.367933491896272002e+00
4.180762012670457217e+00
4.192546720164356699e+00
4.237017169777488768e+00
4.152687267294936646e+00
4.384487697419804597e+00
4.304972617185822692e+00
4.220229379360002753e+00
4.187946985588059334e+00
4.222225242744220175e+00
4.278920836479184864e+00
4.327193791072950546e+00
4.222821899251559152e+00
4.309788664588606544e+00
4.205409962296017490e+00
4.303699009907616890e+00
4.127223762165093568e+00
4.161437802963535937e+00
4.256538889403881143e+00
4.263319772671758656e+00
4.243235782299809244e+00
4.180328015228377936e+00
4.122856682363132741e+00
4.182680355744676781e+00
4.087904546478771550e+00
4.200438088390644253e+00
4.059344731636434389e+00
4.108489453010588655e+00
4.140052209690350260e+00
4.153528765430930747e+00
4.076450326093165266e+00
4.115452766783485039e+00
4.096996049438835996e+00
4.087903076645952538e+00
4.049993005183623929e+00
4.039115778046060257e+00
4.050812637382955828e+00
3.973295903906802540e+00
3.859785070281446906e+00
3.840450165031082719e+00
4.034459054820941581e+00
4.159509133486398724e+00
4.020292655852284014e+00
4.054027742166531390e+00
3.954666944195111000e+00
4.037699565770740406e+00
4.101120360949921384e+00
4.071833011819680159e+00
4.078535116438206209e+00
4.075314939067310682e+00
4.041872384219886705e+00
4.157557481003695266e+00
4.043036728156809367e+00
4.026907888960201909e+00
4.158709503180943123e+00
4.175592355624882401e+00
4.131924262538103854e+00
4.268145167983247390e+00
4.163559820795208921e+00
4.316465336380732154e+00
4.311889524430072562e+00
4.314564938220609491e+00
4.246337788240914790e+00
4.391357115208206707e+00
4.412683943985021173e+00
4.319599229043936006e+00
4.386216161522235701e+00
4.580969925485899097e+00
4.457821123649289063e+00
4.466052424011320632e+00
4.469788892979692285e+00
4.341305071839631324e+00
4.660044516044267837e+00
4.611205202346027043e+00
4.456189834721983267e+00
4.534291563825114224e+00
4.528260594494641467e+00
4.573404247975696890e+00
4.607102665948866971e+00
4.664962829713577008e+00
4.507811673272183128e+00
4.539764603394681686e+00
4.638327599605788443e+00
4.672157492573688842e+00
4.577102666673351195e+00
4.609675331681749810e+00
4.648085173841592699e+00
4.750589762860366605e+00
4.589553001411231570e+00
4.748349263860750291e+00
4.625584260273874371e+00
4.635853709042552673e+00
4.523310890490002123e+00
4.763098626394944191e+00
4.730029899600021182e+00
4.768878034007858702e+00
4.756577599948791146e+00
4.673459172390505678e+00
4.690073039878099870e+00
4.745191831986813824e+00
4.736061518932668690e+00
4.690443947539903569e+00
4.778309839706989415e+00
4.811229942009003224e+00
4.707617269922319991e+00
4.810178220220510781e+00
4.849902656592418815e+00
4.753162032769922440e+00
4.912067417568464656e+00
4.814826544100110794e+00
4.813047150433276578e+00
4.831154632582332908e+00
4.801024075181664408e+00
4.817914653894412425e+00
4.939998217131138958e+00
4.906174644934072404e+00
4.878990850655665845e+00
4.838480059018333890e+00
5.014166349104762332e+00
4.953923219384336996e+00
4.858494376711586682e+00
4.902588218280512500e+00
4.915108867367895762e+00
4.997085859753839898e+00
4.948471972135823016e+00
5.015822108564594650e+00
5.052413506384948683e+00
4.889894790571251093e+00
5.029957759565910180e+00
4.899160205882159502e+00
5.058111451440401751e+00
5.032405156933203116e+00
4.956428618335774416e+00
5.145144191221012520e+00
5.022198617802253295e+00
5.165691343266355595e+00
5.135728166223315405e+00
5.164063870393114541e+00
5.108498082359674619e+00
5.056067544464855956e+00
5.154334575366299021e+00
5.170964866853459796e+00
5.146872199525291514e+00
5.174918409158393295e+00
5.069708697451051016e+00
5.099914394020218289e+00
5.147250232152408955e+00
5.146521621185692119e+00
5.102763282986394699e+00
5.098474319985373704e+00
5.056530891536857197e+00
5.198115306598356966e+00
5.103178241655084157e+00
5.267407230147091113e+00
5.106450068323055369e+00
5.178891733134303621e+00
5.179806192954393040e+00
5.128771551534364370e+00
5.211435268336678028e+00
5.075059714409049683e+00
4.997903356230274596e+00
4.929378537776795355e+00
4.925804306436436519e+00
5.016643372159910186e+00
4.849248174249153998e+00
4.934103204360357431e+00
4.818642550124707213e+00
4.853312571255762542e+00
4.755163190130208051e+00
4.741026843319836814e+00
4.735878804605680337e+00
4.713982957819683683e+00
4.693892386042531228e+00
4.677941759127040022e+00
4.572038843398940955e+00
4.607546689052703925e+00
4.635048507913602123e+00
4.629186363740944721e+00
4.424790659156638384e+00
4.549838300979182293e+00
4.608112302449739239e+00
4.417177227206760648e+00
4.519893401612613104e+00
4.429182137078824688e+00
4.419301416397647841e+00
4.367651017184517315e+00
4.259870454628498671e+00
4.377549204206927946e+00
4.254911183379818773e+00
4.282926772717885022e+00
4.249727610620646523e+00
4.218286821623426164e+00
4.266250430997955867e+00
4.146020247515309620e+00
4.253164993744825040e+00
4.116758130276418015e+00
4.086884221566372766e+00
4.049261175774546473e+00
4.018124777226592670e+00
4.049044112162511588e+00
3.968303761841809774e+00
4.001353403792609953e+00
3.875424023905697624e+00
3.871705015885719803e+00
3.841144763078728541e+00
3.931897848693648001e+00
3.819976039659603195e+00
3.848732958436039464e+00
3.696816801044999323e+00
3.691719454584648563e+00
3.720134000154597942e+00
3.632573784029750730e+00
3.829323906476389983e+00
3.635938699612525138e+00
3.623383532900880777e+00
3.734774665521011894e+00
3.713365389267620387e+00
3.713816628438959988e+00
3.802521895744516822e+00
3.790979513541009815e+00
3.914399130299549334e+00
3.925259712997822170e+00
3.940964636541659072e+00
3.804084430990192445e+00
3.875234379263917894e+00
3.964872662928639269e+00
3.861944295444172948e+00
3.839269010509720470e+00
4.044453038069836026e+00
4.089643818566973010e+00
4.027788079488803241e+00
4.067963906392821904e+00
4.098111760752722432e+00
4.052476027103508294e+00
4.263909066320508146e+00
4.211129401916833714e+00
4.120109114516215421e+00
4.214214288608960857e+00
4.238074276522778128e+00
4.251002425079985159e+00
4.328598631009601405e+00
4.331433624025295082e+00
4.274584184758186467e+00
4.181226196939865858e+00
4.079460290711367065e+00
4.221172410010693099e+00
4.143835722983083336e+00
4.198383060599160999e+00
4.019665057656058416e+00
4.078461829459794075e+00
4.114366078407512006e+00
4.077389960495148458e+00
4.049505587987229482e+00
4.073965098894294812e+00
4.248635498332687277e+00
3.949687046784012612e+00
3.990574836317736018e+00
3.998680966808570325e+00
3.988282450851179384e+00
4.151416149489332241e+00
4.100477186288814302e+00
4.095947778325156996e+00
4.156818965566078106e+00
4.155036704424531102e+00
4.234757256883799670e+00
4.116872078203604346e+00
4.332282222584669107e+00
4.209351635381449519e+00
4.173355211592890690e+00
4.346052880548781694e+00
4.392058488379064762e+00
4.357739468089409485e+00
4.327859870154644462e+00
4.345394286009888418e+00
4.534432013732074829e+00
4.387950831410018182e+00
4.308347865546321209e+00
4.527684637207389784e+00
4.415717030725942571e+00
4.374863696266801050e+00
4.482666818890637117e+00
4.487229255355153157e+00
4.448078273902806856e+00
4.438828321719013204e+00
4.479577803160851524e+00
4.569266403593440273e+00
4.730301519163383261e+00
4.430386783671274920e+00
4.791287465552080960e+00
4.741067066524762730e+00
4.746187444233966879e+00
4.641900730260235086e+00
4.656204393877186654e+00
4.684497772005668637e+00
4.518547840077833833e+00
4.756725728250422947e+00
4.780942834966238841e+00
4.784291482234134918e+00
4.681241204080646590e+00
4.696713692848311972e+00
4.765437369312616411e+00
4.604395704671271794e+00
4.710245249986936500e+00
4.713841945115632370e+00
4.653862741429216854e+00
4.530545081810775088e+00
4.652998774391416070e+00
4.696971444093255066e+00
4.584742547332635532e+00
4.678618616545067610e+00
4.593023463336685097e+00
4.662389371198296217e+00
4.587336497059229856e+00
4.599041241827283244e+00
4.728796943582800338e+00
4.503526311418465156e+00
4.616053551230968388e+00
4.465015275594377719e+00
4.588049633787347759e+00
4.442767348502380642e+00
4.493179883399113450e+00
4.606241672864673120e+00
4.647018728306803403e+00
4.614553062066767630e+00
4.514402124458156251e+00
4.557981451669644635e+00
4.435200132097694592e+00
4.422996209638714760e+00
4.562135167757475962e+00
4.428382639220303396e+00
4.503109672925236673e+00
4.541883777726691385e+00
4.505380876880010099e+00
4.482825656773620437e+00
4.510279818845398303e+00
4.389782795484101996e+00
4.344534320204598288e+00
4.311424259098011191e+00
4.357993270982347234e+00
4.307264729711347329e+00
4.300639852066009183e+00
4.457205643420845576e+00
4.386813502327061798e+00
4.319610321935250852e+00
4.162100415474819570e+00
4.218306226413051085e+00
4.163703461489878244e+00
4.298722737460193066e+00
4.314138645779744152e+00
4.320255490461121006e+00
4.225644396365549227e+00
4.142985961220130520e+00
4.149536286833555465e+00
4.150367666789257726e+00
4.239533378911419348e+00
4.164617909786826111e+00
4.069013228189060527e+00
4.115353709357687073e+00
4.231353334425431711e+00
4.271225227529913404e+00
4.310352986638230632e+00
4.299874755205615351e+00
4.348482221343618725e+00
4.142111791176042779e+00
4.372089074230305350e+00
4.398651908268068844e+00
4.396021398915923584e+00
4.351108175829885738e+00
4.466680313300509297e+00
4.538896140472343355e+00
4.548642900102985998e+00
4.501133896252308197e+00
4.466068057096749477e+00
4.493120207232573549e+00
4.491788758442694096e+00
4.464832432268092788e+00
4.494424623098975502e+00
4.566306016827834213e+00
4.473006611532348131e+00
4.583901630593815391e+00
4.438848452922099952e+00
4.497289111684477980e+00
4.460013985393207037e+00
4.528026614387123061e+00
4.439592726432848302e+00
4.439749820339994990e+00
4.435658174609365290e+00
4.532216524156692294e+00
4.494766626048831704e+00
4.296383663847993972e+00
4.464951327350795474e+00
4.508577181977581283e+00
4.615011660503888891e+00
4.536294678804124736e+00
4.547292258526760556e+00
4.557265212428235124e+00
4.475239836221986955e+00
4.243822389467974077e+00
4.643299486669295817e+00
4.451976277611296773e+00
4.465377012007766488e+00
4.592107837149741911e+00
4.499363608163034378e+00
4.527753241303578591e+00
4.421719431037659298e+00
4.485529008087582703e+00
4.474701994913457881e+00
4.490512710298671273e+00
4.560606093999741262e+00
4.519547283911443003e+00
4.516665842825712929e+00
4.686517084581471870e+00
4.538512872762551886e+00
4.607856907030983606e+00
4.682667737169230904e+00
4.607292018245130905e+00
4.616061558989564162e+00
4.618060505444045560e+00
4.526987843899405561e+00
4.558788468207181310e+00
4.684113758877744615e+00
4.476415358560933200e+00
4.574629880457771414e+00
4.669983561845383768e+00
4.495089665117344424e+00
4.643668970304449140e+00
4.643757653163078203e+00
4.544289045556300977e+00
4.592436929214558816e+00
4.530500893848179444e+00
4.589460185091821742e+00
4.594029696769231563e+00
4.611853640348002159e+00
4.720175072763757029e+00
4.641097315450571692e+00
4.641033536957415606e+00
4.663968358705912642e+00
4.554219172399917248e+00
4.747627885821103177e+00
4.512605467315367491e+00
4.544144902030929245e+00
4.492140998835696841e+00
4.495147482996645572e+00
4.482078240577575201e+00
4.537480022248223221e+00
4.331750838098949785e+00
4.414124375288359658e+00
4.439506246147275625e+00
4.442891366417563326e+00
4.530050172965515820e+00
4.443024431832814258e+00
4.459893030025700256e+00
4.496857120110227868e+00
4.554291191044932852e+00
4.506486148729704766e+00
4.569834555519210362e+00
4.414853359168967373e+00
4.480104590071196213e+00
4.522048327983036131e+00
4.521425287720107100e+00
4.508464070625718634e+00
4.438742905940808114e+00
4.578070252384633498e+00
4.499362307980683262e+00
4.503101235141559577e+00
4.496812459367348858e+00
4.501157775961710961e+00
4.422209262904614135e+00
4.491229945610010432e+00
4.485945069533936014e+00
4.508157361393649865e+00
4.583358125903235880e+00
4.594558529964662519e+00
4.575204484318342146e+00
4.413022936809782415e+00
4.480173632830559249e+00
4.645483276983184417e+00
4.514597460279193619e+00
4.648924725701145455e+00
4.470863933977950566e+00
4.492696513103791034e+00
4.467125992718244731e+00
4.547167528583095475e+00
4.462119956085730088e+00
4.425336860526303262e+00
4.523158933432279483e+00
4.371400181479381253e+00
4.415459942051821685e+00
4.368358481700664875e+00
4.282401620173516221e+00
4.326358814067281067e+00
4.272395588017450230e+00
4.265569534962124543e+00
4.167106926062785988e+00
4.293579093712907024e+00
4.143334550907875169e+00
4.134507161770890171e+00
4.212859378863558213e+00
4.107616296996443594e+00
4.121569924170631616e+00
4.115044642889950310e+00
4.044562493433209838e+00
4.154967266074729437e+00
4.162664897236836303e+00
4.090305459514110176e+00
4.047364605296064788e+00
4.092324467792581189e+00
4.113224141973467418e+00
4.107350093860973494e+00
4.050528976466940989e+00
4.088703068502055338e+00
4.047034063201196297e+00
4.280406209846331578e+00
4.271518219188696008e+00
4.181223812626653213e+00
4.280954327612428223e+00
4.136241932009232514e+00
4.241852176017817833e+00
4.254279956606033863e+00
4.287339564048529894e+00
4.572901742457937679e+00
4.500071183216897808e+00
4.249923011034245413e+00
4.442492021672140190e+00
4.193008971505854277e+00
4.323899880562981579e+00
4.213318126711873113e+00
4.234169300979438333e+00
4.211874394989545856e+00
4.332225135198396693e+00
4.165101132908563208e+00
4.133788686821237235e+00
4.092137942670519557e+00
4.164037837931576114e+00
4.123024830949500341e+00
4.050943474403679190e+00
4.168971608811191665e+00
4.098494045396258834e+00
3.918026829001526767e+00
4.073327030330047727e+00
4.045002207701120511e+00
4.141969456377597503e+00
3.967466157213443534e+00
3.989788308378190429e+00
4.005985301172171553e+00
3.983403349697205886e+00
4.036156947551851282e+00
4.020532144284500120e+00
3.962920325565702839e+00
3.915410774407975136e+00
3.838595917937262847e+00
3.962446964599645849e+00
3.790098954009683219e+00
3.821545208018585882e+00
3.898620313284434147e+00
3.864674164600670370e+00
4.009634211023278993e+00
3.920624616516283911e+00
4.014515849071855769e+00
3.981959606923885620e+00
3.986429600300331888e+00
4.197208962201282034e+00
4.007489280492676720e+00
4.090127971333133772e+00
4.120689699130781314e+00
4.156610199727709620e+00
4.247193448982768516e+00
3.979991184644435354e+00
4.210256148181503733e+00
4.222012278159273713e+00
4.173678422541646782e+00
4.260773973114121205e+00
4.317113667626425233e+00
4.252507771119824476e+00
4.208826478123353532e+00
4.255465103553039974e+00
4.279704201678641518e+00
4.395023993568485388e+00
4.228914209932220558e+00
4.255858205987354204e+00
4.402800622466042313e+00
4.238788044300009439e+00
4.484709813030371528e+00
4.457715276606481147e+00
4.401428807774645513e+00
4.224305715950233520e+00
4.384403878863080806e+00
4.422069442840848019e+00
4.551516533333807679e+00
4.436430333259727021e+00
4.597556993396396230e+00
4.602717411357011734e+00
4.651976602832043284e+00
4.674000803262914339e+00
4.690029722099942511e+00
4.756587608961283742e+00
4.603711737441099849e+00
4.653151262620532691e+00
4.698454618481818557e+00
4.811394269832884873e+00
4.683781662618174302e+00
4.758907176023987162e+00
4.580809909507714828e+00
4.743510575039034727e+00
4.631773185072697530e+00
4.636558852313595658e+00
4.587811350713603353e+00
4.637063503592551150e+00
4.635977356215523315e+00
4.600619574156209701e+00
4.502372244901690301e+00
4.472617084195267267e+00
4.696132583960241469e+00
4.532840488788436595e+00
4.557012745378911767e+00
4.562834055999050342e+00
4.579105952291934400e+00
4.509448020106438193e+00
4.741894742661260764e+00
4.578432849169389307e+00
4.721797902965960247e+00
4.626330504890116657e+00
4.645952581150124772e+00
4.699563180212062541e+00
4.755925510600931716e+00
4.683096707458659580e+00
4.633613647233239874e+00
4.694419904161379442e+00
4.652899317625377229e+00
4.733331086478680838e+00
4.615522360301287819e+00
4.610454557886025206e+00
4.649755099210270082e+00
4.669250239153359239e+00
4.580963718726677847e+00
4.572660179798950786e+00
4.636503864461277935e+00
4.524848703862651256e+00
4.448918964050502467e+00
4.655360473306721758e+00
4.629715075309084327e+00
4.715428059142473316e+00
4.743574476442010024e+00
4.534912722581347033e+00
4.673276398868996040e+00
4.663493581298763679e+00
4.600027745733993534e+00
4.472078944472318796e+00
4.599654143312797316e+00
4.475626961451785846e+00
4.487915045747539189e+00
4.492414333607902321e+00
4.558878444535189089e+00
4.681545806824665590e+00
4.512058583471188378e+00
4.384964130875749433e+00
4.465811328864072394e+00
4.423334281037249127e+00
4.350384442196922663e+00
4.439038303463963331e+00
4.242558259348149008e+00
4.293708775606980055e+00
4.235387666273711993e+00
4.269857052523231999e+00
4.154434696854208298e+00
4.180022743710077648e+00
4.135916112186558635e+00
4.045553407816204761e+00
4.094997086001431086e+00
4.042561137623186696e+00
4.019067120056746489e+00
3.939611544205918303e+00
3.972184479294806891e+00
3.852257679267617974e+00
3.806079971817000640e+00
3.907299733606706571e+00
3.916431868448710940e+00
3.747190323461120354e+00
3.705212027813061582e+00
3.908077685992677797e+00
3.875367629336072373e+00
3.731307022811046537e+00
3.742998195636808578e+00
3.837107353104091789e+00
3.815064843677239637e+00
3.834060732240391900e+00
3.818664048339741601e+00
3.900748649420847869e+00
3.799147406901601798e+00
3.700299248264924401e+00
3.747716462815659622e+00
3.711755280722201622e+00
3.758514313867237444e+00
3.895597401958188488e+00
3.857686520408168285e+00
3.770610176946671555e+00
3.766672444649424190e+00
3.854987135817448340e+00
3.717414184167068480e+00
3.730233554597786938e+00
3.719068033099503179e+00
3.677343922203212490e+00
3.644301874800026653e+00
3.672961688523715740e+00
3.498011127324045511e+00
3.606889435313800796e+00
3.674620690183382443e+00
3.600892931611026082e+00
3.516918229006290808e+00
3.601931810873920892e+00
3.392243148257483298e+00
3.576437042155370172e+00
3.470681057039911810e+00
3.491692094646605238e+00
3.415173504510101044e+00
3.514406545885886857e+00
3.349579958046206674e+00
3.454029667817898552e+00
3.509490334090807462e+00
3.453140496159228245e+00
3.415985097434051099e+00
3.443819110234637826e+00
3.479188719539648034e+00
3.369092322821537255e+00
3.333152331204742413e+00
3.284031952098716900e+00
3.322325284940355505e+00
3.477115475706748171e+00
3.362960942374016327e+00
3.190236217207618630e+00
3.320985088736432722e+00
3.158950319744090685e+00
3.392162547934337358e+00
3.145980108445048273e+00
3.372888028268653304e+00
3.258080119059046265e+00
3.169322911559898426e+00
3.196224247630935267e+00
3.409082627845344771e+00
3.212133897899685842e+00
3.316133505562598671e+00
3.312828862010410269e+00
3.335516095169044792e+00
3.459633815973286453e+00
3.321274258311810890e+00
3.491567579735393778e+00
3.321013412494045802e+00
3.390992248513090335e+00
3.421169417683369129e+00
3.441197016661783348e+00
3.481679055598049022e+00
3.213284847717216230e+00
3.323509029914982982e+00
3.401169590561405442e+00
3.239890312998429778e+00
3.397273720949518960e+00
3.577079007973084757e+00
3.455889145373183258e+00
3.364892210497029801e+00
3.522327674379595042e+00
3.437472591609797679e+00
3.496395167448245189e+00
3.640617875252813551e+00
3.378315609615239801e+00
3.585428852740216499e+00
3.465300795926699706e+00
3.475837725973730308e+00
3.653056015850177030e+00
3.468854001617882599e+00
3.492215399149142030e+00
3.532107683992630864e+00
3.570388872396664137e+00
3.552186590301985802e+00
3.378076224829884566e+00
3.440327504867052077e+00
3.374205719262172831e+00
3.493798453143404092e+00
3.484996051148745444e+00
3.567526514944215688e+00
3.420581184524143836e+00
3.397379457711490414e+00
3.364009897361059043e+00
3.316559020811101099e+00
3.363334465021154074e+00
3.378703766115304319e+00
3.347721306608519853e+00
3.426165691748848108e+00
3.364810286990496113e+00
3.369513893602875232e+00
3.364250546713887680e+00
3.430521627854312694e+00
3.453351185745106466e+00
3.256833120897514533e+00
3.466835151793896230e+00
3.230851565133342707e+00
3.207329907973858862e+00
3.387432386178731658e+00
3.236869063387571632e+00
3.318997449985424009e+00
3.061730490269281901e+00
3.097162178257018894e+00
3.208518351941059610e+00
3.253059829201097930e+00
3.231011644180534770e+00
3.244864892535144207e+00
3.168259169252726437e+00
3.177185894258488297e+00
3.266618755655142259e+00
3.172620980105918864e+00
3.224755625081238364e+00
3.108315410457866967e+00
3.072608075703288311e+00
3.213700353524371778e+00
3.148375551317292853e+00
3.166533260216644052e+00
3.233940454096527528e+00
3.167442850732497206e+00
3.290554075612125651e+00
3.314710535726448359e+00
3.317227167133583343e+00
3.365237439335306391e+00
3.446889560171900957e+00
3.373934877268232047e+00
3.217493517915088308e+00
3.342197490331962673e+00
3.289759409475179641e+00
3.448864045670299916e+00
3.362234292625509102e+00
3.524696908638391690e+00
3.412058734140220650e+00
3.381425293712855940e+00
3.529101074510974101e+00
3.411325353573250396e+00
3.489588584954436357e+00
3.649165335111007380e+00
3.516066814717163869e+00
3.529570036666737742e+00
3.540376799996297841e+00
3.646175489870489450e+00
3.481566534344253672e+00
3.660809945352653472e+00
3.560616474368119011e+00
3.643133249878657054e+00
3.605650263069827943e+00
3.612767928249371430e+00
3.759942805122849840e+00
3.670060196582878742e+00
3.693455922428478644e+00
3.798421630376377145e+00
3.665916284189545848e+00
3.768424073693320775e+00
3.729597226944337152e+00
3.597019996308903789e+00
3.731765256806980346e+00
3.738263460316455067e+00
3.725955292838261990e+00
3.737961727814793633e+00
3.814180778682371820e+00
3.677293216976996071e+00
3.805810402683643012e+00
3.819657002336355855e+00
3.911249487023277460e+00
3.911162043343327177e+00
3.814596875133465126e+00
3.973898089139849432e+00
3.905748925368691449e+00
3.874881711488308511e+00
3.837870865021653977e+00
3.960886826625082513e+00
3.860332752111611310e+00
3.893189373627056860e+00
3.860320928805314633e+00
3.975589743675104870e+00
4.027257362505946681e+00
3.946317751021831022e+00
4.064792444020661755e+00
3.963624813043640671e+00
4.026617730273944318e+00
4.067069766173514012e+00
4.053736718575075670e+00
3.983028009258691160e+00
4.097650284790234743e+00
4.179235439305815092e+00
4.129061334287518648e+00
4.154199216724417276e+00
4.189667035032978326e+00
4.056020316754040067e+00
4.183802090497881210e+00
4.368921173931195057e+00
4.193042632205115083e+00
4.304707717156813551e+00
4.311705358915292940e+00
4.318466032542386479e+00
4.492316801280487937e+00
4.399807318682454671e+00
4.582236110193586676e+00
4.513236089546277086e+00
4.671099249651092578e+00
4.784337807407071708e+00
4.675832497608869431e+00
4.770454106021086993e+00
4.759378923943408779e+00
4.730774714197160336e+00
4.887193976107756299e+00
4.935427772644693789e+00
4.863483031367965559e+00
4.984348388300605670e+00
4.987602289245628207e+00
4.961661855750222117e+00
5.010228876443291846e+00
5.045117249300854922e+00
5.038994000531388018e+00
5.025403434376851664e+00
5.163621806963935690e+00
5.146443880575427343e+00
5.239029507492928062e+00
5.173935998283119453e+00
5.339156601068530072e+00
5.283098968656092964e+00
5.316991437730382408e+00
5.221632284109520405e+00
5.254414793681539741e+00
5.100638039029229631e+00
5.313421183668611825e+00
5.282753008886833079e+00
5.404339616827929405e+00
5.448001287687311844e+00
5.435652907233027520e+00
5.374059571187286721e+00
5.292506567288745245e+00
5.393309045264242485e+00
5.458053354379663880e+00
5.488315157025352775e+00
5.546721535494253175e+00
5.495843894913200245e+00
5.381133521172513312e+00
5.490758558329890349e+00
5.358484610081165833e+00
5.393825371031907956e+00
5.331970183200780866e+00
5.476894036408912925e+00
5.388825417424339292e+00
5.424346093707728578e+00
5.248890380212790419e+00
5.222692490696930534e+00
5.298710281864661198e+00
5.388090803938140105e+00
5.281556775019348393e+00
5.353079024525186469e+00
5.320203530947261505e+00
5.313401732095691443e+00
5.397671733531783644e+00
5.328253382052189124e+00
5.257915155428992904e+00
5.321650412025199728e+00
5.280103272733927433e+00
5.285908779098877908e+00
5.208198236507187495e+00
5.174166017325763534e+00
5.212581382863264778e+00
5.178289916738150644e+00
5.086693367723765569e+00
5.197211296364677047e+00
4.956410403209373428e+00
5.066470542039851033e+00
5.147827467721533878e+00
5.035931682625443884e+00
5.056781617078803137e+00
4.935948642777969297e+00
4.991659597669388049e+00
5.114997395304571093e+00
4.925316117054875598e+00
4.873918055185223253e+00
4.887241578643317652e+00
4.865905200706002631e+00
4.890871748599018076e+00
4.895682318752641926e+00
4.954388279612589763e+00
4.711844707512807595e+00
4.838560503790104939e+00
4.809345013296514537e+00
4.861860218195759309e+00
4.791371457328639671e+00
4.811223256700996487e+00
4.775587407773914883e+00
4.890992472791518608e+00
4.672558758126081457e+00
4.691278825951476605e+00
4.665862355469249323e+00
4.750336379919995800e+00
4.844353383139459623e+00
4.647041471572915583e+00
4.797521237127064353e+00
4.902592052659101363e+00
4.720211964845709929e+00
4.795824996987869682e+00
4.683385684803702098e+00
4.793119034519711441e+00
4.724913471235635321e+00
4.713558014497355231e+00
4.964338973632820284e+00
4.845478643821630627e+00
4.759738796154478813e+00
4.922959053472111712e+00
4.816119715486608222e+00
4.748568225900290152e+00
4.809606137748820842e+00
4.761510934665882822e+00
4.839010180254324389e+00
4.815925252794428069e+00
4.816698583821677815e+00
4.874824174008847599e+00
4.872691376295017918e+00
4.941612360565027728e+00
4.929272161202482572e+00
4.830896631891565818e+00
4.903773472838461878e+00
4.850358373634641396e+00
4.807928872172634982e+00
4.840538449890615880e+00
4.863059759762410117e+00
4.689208200853560271e+00
4.840784215729842188e+00
4.654899191135383418e+00
4.684934576773602366e+00
4.654043797543602423e+00
4.615689200417072868e+00
4.536889681027151511e+00
4.667505493376000736e+00
4.554367702575797594e+00
4.536824385817774363e+00
4.437159896059200470e+00
4.385438221876085230e+00
4.474316168327274745e+00
4.386065238885836770e+00
4.265452800791171839e+00
4.298389975367259197e+00
4.184661272436011714e+00
4.145665720883736860e+00
4.313648941578235529e+00
4.167478370402445620e+00
4.293352995293689744e+00
4.248436922368697743e+00
4.372919599943989155e+00
4.270780027646475574e+00
4.368445175906831679e+00
4.224814034807845786e+00
4.412664644340173581e+00
4.297223518522630847e+00
4.258587173743246801e+00
4.246276924828784161e+00
4.229000633811449639e+00
4.214456057345873141e+00
4.127653532277438586e+00
4.192334613823131662e+00
4.118425740021446124e+00
4.178316630656147446e+00
4.019485469756518548e+00
4.067542094381747297e+00
3.999825392087566378e+00
4.019925397358411701e+00
3.968885393044053078e+00
4.096962224855260182e+00
4.167866804006382431e+00
4.173248254456929374e+00
4.211293189028372908e+00
4.216215300754531548e+00
4.052929500411968533e+00
4.345563281879507578e+00
4.297995178369048652e+00
4.264130857859382395e+00
4.166515886794120327e+00
4.153850507731824848e+00
4.259810733670372329e+00
4.283887370123260929e+00
4.278690045756539995e+00
4.346228485261739216e+00
4.378759654325123485e+00
4.199412654201992723e+00
4.417745735382951899e+00
4.401402455570246453e+00
4.447847457654238390e+00
4.372781996926638826e+00
4.351629849705293651e+00
4.357409859900383431e+00
4.337124288666914573e+00
4.433356979414553756e+00
4.180205892368153542e+00
4.252704803207012496e+00
4.395559795397045555e+00
4.236033244461552272e+00
4.246683998869211329e+00
4.278447402627309160e+00
4.119697005553208946e+00
4.187328356044650590e+00
4.176564836407587578e+00
4.059039064063773239e+00
4.073503590052044210e+00
4.118261949833117441e+00
4.039854382301792057e+00
4.114789045526043409e+00
4.078295098474101543e+00
3.991896836134580351e+00
4.027594687613215818e+00
4.084220526885888880e+00
4.052165464210164991e+00
4.095314649226236448e+00
4.164330357389038006e+00
4.040323061427845808e+00
4.071123418036349584e+00
4.135420956117527247e+00
4.031219739102042787e+00
4.151038475169277042e+00
4.026830633610120280e+00
4.109413108040297580e+00
4.003151405143525743e+00
4.085617923398841889e+00
4.135162670833532950e+00
4.035475608549973892e+00
4.110434498834386829e+00
4.124009996570477732e+00
4.040995624928005903e+00
3.992107292993575030e+00
4.055138111840263626e+00
4.121343963691324497e+00
4.145500487764587128e+00
4.012162387511634343e+00
3.991059573699894614e+00
4.132618593354358438e+00
4.037255553473904968e+00
4.054969765301657425e+00
4.025792946671685080e+00
4.134329964247421607e+00
3.995987202304805752e+00
4.000024300303178570e+00
3.878738164283159318e+00
3.904415337811776521e+00
3.644848857475602166e+00
3.805885503081589238e+00
3.790696539663222175e+00
3.766768386550522596e+00
3.795934556169260787e+00
3.742695345966410958e+00
3.795079343791544435e+00
3.757200549590003380e+00
3.821358443889410594e+00
3.532580433370883899e+00
3.643884870656368236e+00
3.715096201052466629e+00
3.744785779555794392e+00
3.535311249812422840e+00
3.475780150997846984e+00
3.549908339964293447e+00
3.468277269633205595e+00
3.361705556475731882e+00
3.461433131297000809e+00
3.274011044994226793e+00
3.314405972929280519e+00
3.338347519563763299e+00
3.304260579383369478e+00
3.322039589618015487e+00
3.279562475133523058e+00
3.069713083852814162e+00
3.209821477943140877e+00
3.123271391237694150e+00
3.089953133026682508e+00
3.015475030548840252e+00
3.087898280066811108e+00
2.997400743940753287e+00
2.833224869688696135e+00
2.854311362140358632e+00
2.829478697686324207e+00
2.863628300504660107e+00
2.679618076431706353e+00
2.544474849149053863e+00
2.716263675900910446e+00
2.780222673553698787e+00
2.565972577363400120e+00
2.451935400101174611e+00
2.599062480499632066e+00
2.457013954837597325e+00
2.357592187800622519e+00
2.472825816806743848e+00
2.300618663704709910e+00
2.358093110274643411e+00
2.375039073459205952e+00
2.359714173766602752e+00
2.248670791818673464e+00
2.286032666135234148e+00
2.128933408602879496e+00
2.187778384479276195e+00
2.184130453377093328e+00
2.177161490142899503e+00
2.173851970877304307e+00
1.965665496298282244e+00
2.117742253865806390e+00
2.176882107705242930e+00
2.175228966011717446e+00
2.037814961139470693e+00
2.186401483707691273e+00
2.203891800793458255e+00
1.970831972765038298e+00
1.932478432767424037e+00
2.044820674101478275e+00
2.257101891867218768e+00
2.056152999098448397e+00
2.011896541389128767e+00
2.332402249777542735e+00
2.145300645646889492e+00
1.939700662793440333e+00
2.202530411065039662e+00
1.933861545240565416e+00
2.153486721763128386e+00
1.981912570475601543e+00
2.002652097702272371e+00
2.113646118716523414e+00
1.963730024084526349e+00
1.959502665205320460e+00
1.762532891384734235e+00
2.127011035448288734e+00
1.989454936681772868e+00
1.985260482393626180e+00
1.857972629341976267e+00
2.010725333353760913e+00
1.810531242241244065e+00
1.930395788549926994e+00
1.846360533137474169e+00
1.843301813647727494e+00
1.869722192419103424e+00
1.821655974492729202e+00
2.009934946140659040e+00
1.915060513205116388e+00
1.783061470967861162e+00
1.731164296932396374e+00
1.790265511357363559e+00
1.759061439037550967e+00
1.581359118585239365e+00
1.850278159611946194e+00
1.668379124852181983e+00
1.704614220098970900e+00
1.769834839736147858e+00
1.850088167778629389e+00
1.600678096182082566e+00
1.650994749625384062e+00
1.687227799976981801e+00
1.840105823569097021e+00
1.559393051481040349e+00
1.804807378104955173e+00
1.666840331820230947e+00
1.639033130396756022e+00
1.671746451360341501e+00
1.830361521608396380e+00
1.816119136710869775e+00
1.600022598818902075e+00
1.518173607564369476e+00
1.694110133662047435e+00
1.799303834026131366e+00
1.614912443693286237e+00
1.685792090931837794e+00
1.595282050725275180e+00
1.510474238057777807e+00
1.637714380719096807e+00
1.623801251178465410e+00
1.554347194063947279e+00
1.576852525810705563e+00
1.469575585707256105e+00
1.362822202769456759e+00
1.550429328281451191e+00
1.544368740241804039e+00
1.434073530520348028e+00
1.594845375175756974e+00
1.557903303594278643e+00
1.566471425089906777e+00
1.427887334971830846e+00
1.528462596130927498e+00
1.415461017615191164e+00
1.338025832500755241e+00
1.392947054480306646e+00
1.415431033671272765e+00
1.209271407406399490e+00
1.470215343084087189e+00
1.289855166866903824e+00
1.441608769611060881e+00
1.363851638579077763e+00
9.348770029253524738e-01
1.360630380840252007e+00
1.206686278810166657e+00
1.405460067134977953e+00
1.152123902296682267e+00
1.226641402580404439e+00
1.427424107796179342e+00
1.308472320059386407e+00
1.443831725258724497e+00
1.456493843518076092e+00
1.540919275588131798e+00
1.452461901951432655e+00
1.422728585460466544e+00
1.527057040570366730e+00
1.448615028775665836e+00
1.264286409226296426e+00
1.483233743472326616e+00
1.451922016398668136e+00
1.488345468488159407e+00
1.652715972151993062e+00
1.321544123106589641e+00
1.583183909532438927e+00
1.389637599964378190e+00
1.575134680348952321e+00
1.398868164378108458e+00
1.583596825771112382e+00
1.331874052926014462e+00
1.724880386305355451e+00
1.483196658966069004e+00
1.455160419619129009e+00
1.708171750402870614e+00
1.419734256858924404e+00
1.575562740385205940e+00
1.549022070414642904e+00
1.604043673736277542e+00
1.846581988739857794e+00
1.641805660844261716e+00
1.598367282522543453e+00
1.773858936670902775e+00
1.826550060488331351e+00
1.833269452220172901e+00
1.772815553262658161e+00
1.736980527460383783e+00
1.624148022913079803e+00
1.825636835238747535e+00
1.702037985468728865e+00
1.889350832092753230e+00
1.789432933078689336e+00
1.812567061175085925e+00
1.928067716863929526e+00
1.732268497490954351e+00
1.948610526378539598e+00
1.973752788043458661e+00
2.042692653060705688e+00
2.006538167500102610e+00
1.846092998915989547e+00
1.964411172495834634e+00
1.940246090581364546e+00
1.946723921300639981e+00
1.888336167334428772e+00
2.005933742000180597e+00
2.040283621356406840e+00
2.070271464022527486e+00
1.919700083482628550e+00
2.101356585656189324e+00
2.168210316500418955e+00
1.930774955817182947e+00
2.056359061642303310e+00
2.045763445417553061e+00
1.917090382609011767e+00
1.820275860232398513e+00
2.078983680475045670e+00
2.047567507885481142e+00
2.024527564860386875e+00
2.130230803858471411e+00
1.867547285965859283e+00
2.122408913891173476e+00
2.164834807186398535e+00
2.005926230262041976e+00
1.855259100198832112e+00
2.061690817353571514e+00
2.095985477418968124e+00
1.961582104476753408e+00
1.935365972114390098e+00
2.097166100881058703e+00
2.038352545195326826e+00
2.082850341179645959e+00
2.103301663883826222e+00
1.992608219793884583e+00
2.042461073415286599e+00
2.063417435271923672e+00
2.122176725276349707e+00
2.138680097142223513e+00
2.025380872634206852e+00
2.049334773373836516e+00
1.932236458976797966e+00
2.027885459153647041e+00
2.034040296546694826e+00
1.982797858884018272e+00
1.969363990475021087e+00
1.982393747036192089e+00
1.835807539107912500e+00
1.956983698190716492e+00
2.014537270640948563e+00
2.004799763576235794e+00
1.868980301379874032e+00
1.888358569194497294e+00
1.860199950384143985e+00
1.826887459454668017e+00
1.916651514373234333e+00
2.048803732864276306e+00
1.815068372158641807e+00
1.994406098733406019e+00
1.885021597487529732e+00
1.936807997254528235e+00
1.941252736977945981e+00
1.914964167793974381e+00
1.926849006947944032e+00
1.987578230155498948e+00
1.955168296148636298e+00
1.826543969587493210e+00
1.895984766724730486e+00
1.828968119975233897e+00
1.737912924721993102e+00
1.765221377801577951e+00
1.916487289991985588e+00
1.931549090252304701e+00
1.708472551251409843e+00
1.758716782529747613e+00
1.819915418852668498e+00
1.809897321062131192e+00
1.792264231361740734e+00
1.829334330095955474e+00
2.052763923648141198e+00
1.848448753457499594e+00
1.784007447788850786e+00
1.790141365973925591e+00
1.650154915285997337e+00
1.718864428392504085e+00
1.680477565560908326e+00
1.784654643264931284e+00
1.832212346176187001e+00
1.703621896901462485e+00
1.611904469351020497e+00
1.689319430542303158e+00
1.853732052007576625e+00
1.777403742927453179e+00
1.731222779072637996e+00
1.822333331388149125e+00
1.747088180411431546e+00
1.720572553176216601e+00
1.485459527852328820e+00
1.690529400398751436e+00
1.698889571567810064e+00
1.601103005295715809e+00
1.555051854701004821e+00
1.700643053724437470e+00
1.652582292472273506e+00
1.616577259400235445e+00
1.701144354241381329e+00
1.702352725170442893e+00
1.510961959423279488e+00
1.638984329330340328e+00
1.576680992060369046e+00
1.478686001661555061e+00
1.578561943338093521e+00
1.731283387806300533e+00
1.746199465415321672e+00
1.732845134016288924e+00
1.623825998463487297e+00
1.737276267281301800e+00
1.791057605104912742e+00
1.574523875629847192e+00
1.701923703838746471e+00
1.700279974306067254e+00
1.596704331267854160e+00
1.312797951543986485e+00
1.608138249649343487e+00
1.613297124964972129e+00
1.595734191244871258e+00
1.653998577362317812e+00
1.618166240492448837e+00
1.581458913799008492e+00
1.386276712546319345e+00
1.717097009529356733e+00
1.652612571601556279e+00
1.479998233724177714e+00
1.499388242339682709e+00
1.723145795698193261e+00
1.522483302066849786e+00
1.515978687111518175e+00
1.542899564568003257e+00
1.484755321346307166e+00
1.495525897978998486e+00
1.519963787925827647e+00
1.578233388503104795e+00
1.542516582402044589e+00
1.566692452972554328e+00
1.523704059501391983e+00
1.563094175824379262e+00
1.654902383895700879e+00
1.624398203650125438e+00
1.600730648810965162e+00
1.672014047732190534e+00
1.538601897604304991e+00
1.549567879073649124e+00
1.503527973840368848e+00
1.525157029196828162e+00
1.604046198408724200e+00
1.610561696151833866e+00
1.539348433025462093e+00
1.491308986688941296e+00
1.581249282712662518e+00
1.305480243316482269e+00
1.459856400510515240e+00
1.539715278795539932e+00
1.626437248443123762e+00
1.613958225147024139e+00
1.552601456658082135e+00
1.447452297012031375e+00
1.580880323465016390e+00
1.530913694276115899e+00
1.607117614100194158e+00
1.602715792327643607e+00
1.708867228166838670e+00
1.613851484031291861e+00
1.652446754480539903e+00
1.655387544444423042e+00
1.561441004754142714e+00
1.475063631226483318e+00
1.518554845456046909e+00
1.582425177942506700e+00
1.593568017520777369e+00
1.633909905190503720e+00
1.574756079650618146e+00
1.561973371211082595e+00
1.607422334806106967e+00
1.664225684537555372e+00
1.688064298994952805e+00
1.760686349506862980e+00
1.676624963387885803e+00
1.734203138140266942e+00
1.624056702695470644e+00
1.603523347273496436e+00
1.705023734306227556e+00
1.700383701525419067e+00
1.589563574714593308e+00
1.848288607337020162e+00
1.665288033611187490e+00
1.797998981402511243e+00
1.646940284863354309e+00
1.871423159750991161e+00
1.708296914198837113e+00
1.537958552063358963e+00
1.660791254699789166e+00
1.699821888610245191e+00
1.779245990577628556e+00
1.507563401448010376e+00
1.641974949116328464e+00
1.771872056427879816e+00
1.720887555480560049e+00
1.687294348626688922e+00
1.647424537096217501e+00
1.601608547338328581e+00
1.744663662295673712e+00
1.504242361316182830e+00
1.793669334649246716e+00
1.805098903631885854e+00
1.686460716706977836e+00
1.629279070828105525e+00
1.728544243548608028e+00
1.512882957167040576e+00
1.633477697969926812e+00
1.803659783340548106e+00
1.675154238990688604e+00
1.725968284676535180e+00
1.710259522077696825e+00
1.748317797978164112e+00
1.648731590598528030e+00
1.680366985758048104e+00
1.774825916505093693e+00
1.709801832560105206e+00
1.678775626034318957e+00
1.817170682045676555e+00
1.691538749608848979e+00
1.912962913568224232e+00
1.652357748593778375e+00
1.821270202579529762e+00
1.701377043419684654e+00
1.539006981248856487e+00
1.748381339356912756e+00
1.737852619535366960e+00
1.830465416281890967e+00
1.733627186020321842e+00
1.785529260077308056e+00
1.813501201612500058e+00
1.795082936720169275e+00
1.693666385983470857e+00
1.716655338195759217e+00
1.794534621840629063e+00
1.728701105174411667e+00
1.799231177576019247e+00
1.701876957117924638e+00
1.855818829408914628e+00
1.756879734411012084e+00
1.666388434832400733e+00
1.470479634987393425e+00
1.829020648725430132e+00
1.555616480380691113e+00
1.532507605590080368e+00
1.711489249624504216e+00
1.626472167055990292e+00
1.580505576458570483e+00
1.632354317709756586e+00
1.769694463565438358e+00
1.689994277424442748e+00
1.655862631066563617e+00
1.737988664242820169e+00
1.590877473764836347e+00
1.650457818123358233e+00
1.737603666095355992e+00
1.476924491618317958e+00
1.226492270168922483e+00
1.462583092304429844e+00
1.474475426874590989e+00
1.564835508965901401e+00
1.599620880927543620e+00
1.539183371571936521e+00
1.710838390049016944e+00
1.656116644806073790e+00
1.684247951660279519e+00
1.510033949000764375e+00
1.487713367860177049e+00
1.600785293367132933e+00
1.583435268191275558e+00
1.450033847803527953e+00
1.507653252646977471e+00
1.598338107012139853e+00
1.594687207412398999e+00
1.563984866104605853e+00
1.412082727491609901e+00
1.605470337795414926e+00
1.413313740728747714e+00
1.476949031171157278e+00
1.510277414699596088e+00
1.420204623845660485e+00
1.512243870677290491e+00
1.521567880302505893e+00
1.689172145167751715e+00
1.355111559718423342e+00
1.399460649001799784e+00
1.609947525498839349e+00
1.413841919423985516e+00
1.589430414962498705e+00
1.350627634747870065e+00
1.435788542170761017e+00
1.500919109980455302e+00
1.605595927294230618e+00
1.485150992099990130e+00
1.322614024763871354e+00
1.431109017204556189e+00
1.321597318107307961e+00
1.487551627896275264e+00
1.391283658002327339e+00
1.318038078354738962e+00
1.672476611561211080e+00
1.634985466347654848e+00
1.485986595255315068e+00
1.438128517222932112e+00
1.592810595315577560e+00
1.450664244284550541e+00
1.697364776792031016e+00
1.532424289366539849e+00
1.279387724354059452e+00
1.485266654744913151e+00
1.394446441878250509e+00
1.474014960974734834e+00
1.742302696178214427e+00
1.477929335013731693e+00
1.572290765160444082e+00
1.663041164040395259e+00
1.665628986969397207e+00
1.694628389048146833e+00
1.675657157350449511e+00
1.528768540187882108e+00
1.767313875569111792e+00
1.636113607584163576e+00
1.632396247922248467e+00
1.754743291228831437e+00
1.749572179519775839e+00
1.469214504030444957e+00
1.646504068444165858e+00
1.857856918640406363e+00
1.649997710637213455e+00
1.533483762755390334e+00
1.465674608686883262e+00
1.628325877693386881e+00
1.650830286117893841e+00
1.537286149857901130e+00
1.754419294025077569e+00
1.697869788681469982e+00
1.548587628393294446e+00
1.628798737427147758e+00
1.550334611248598726e+00
1.593498663739674193e+00
1.641007430641058695e+00
1.678057712676966462e+00
1.635918411700482356e+00
1.511275430115818441e+00
1.410508350717255333e+00
1.565649477658540123e+00
1.676608071106449271e+00
1.495302779153786510e+00
1.518834032870263862e+00
1.582978138399955048e+00
1.538943890059396358e+00
1.636498646135007062e+00
1.514305617957639072e+00
1.453704069643174224e+00
1.590764402588251247e+00
1.381297131933050926e+00
1.571585871814302982e+00
1.529897341006679401e+00
1.620009926906784692e+00
1.803018219427024560e+00
1.676817004503088793e+00
1.547505829014169443e+00
1.722246965001604346e+00
1.724155793002931647e+00
1.715155406231231972e+00
1.657029839588107567e+00
1.748108030089078779e+00
1.825093771867598136e+00
1.788890271897100703e+00
1.713025412358654131e+00
1.728350652832166157e+00
1.835167114809695743e+00
1.726914653815988965e+00
1.757238652116178246e+00
1.767678280580388117e+00
1.652190458265893058e+00
1.601395470230232876e+00
1.595929566761215890e+00
1.702682929688536628e+00
1.679514755304977625e+00
1.589566333191006819e+00
1.678138465047646743e+00
1.571070723837889593e+00
1.661785511351818290e+00
1.632723960319241385e+00
1.666169743575548257e+00
1.488752846375243744e+00
1.581379196624290273e+00
1.583416655335121659e+00
1.595806297220242920e+00
1.726317577507387568e+00
1.605040319987943498e+00
1.602724744260936030e+00
1.621616760970446158e+00
1.642981804162791715e+00
1.657604662660183692e+00
1.669210969620073648e+00
1.659785290637091126e+00
1.689024474153434374e+00
1.620628957829256755e+00
1.719258004831485831e+00
1.649340435759269585e+00
1.583852972549827820e+00
1.601650588378980222e+00
1.668395860326918445e+00
1.630156481324655404e+00
1.612491917739370617e+00
1.561189967491937169e+00
1.741500321245299521e+00
1.501240135303910650e+00
1.514494536690414783e+00
1.372090265913701979e+00
1.689762262135125814e+00
1.583788623122106554e+00
1.690679236944173436e+00
1.472295266983846052e+00
1.511687058295023478e+00
1.596380000294765233e+00
1.549537008302061647e+00
1.498335407219080873e+00
1.638901303504311846e+00
1.567622636111310364e+00
1.532375832185123743e+00
1.482990705622320382e+00
1.354609493875893467e+00
1.443279698830574498e+00
1.555920417590529237e+00
1.500638618175105687e+00
1.623447931407372424e+00
1.504339775178414440e+00
1.388142215660873591e+00
1.616311213445934314e+00
1.463069383668301082e+00
1.470160299930213244e+00
1.615267334252746600e+00
1.647477806636412190e+00
1.568891159956232295e+00
1.646874548002860816e+00
1.657008516878561100e+00
1.655068162602581383e+00
1.641793553633642322e+00
1.720842927057727456e+00
1.593145750870808008e+00
1.506787842071854566e+00
1.650787714867384404e+00
1.622317032120847102e+00
1.529633921362448357e+00
1.634938982756973580e+00
1.509246454063689180e+00
1.717962943763218453e+00
1.508410317954623769e+00
1.715367050149717132e+00
1.711866615741512554e+00
1.554496325232893605e+00
1.664874862651453569e+00
1.619579926384306257e+00
1.471584561030929938e+00
1.577522232450735640e+00
1.629831078175519865e+00
1.549879523838784134e+00
1.589502808046803439e+00
1.553024076584438085e+00
1.542681244804207097e+00
1.682186073549081895e+00
1.642271864234521983e+00
1.624102678163165780e+00
1.559251800700545143e+00
1.695177551126838766e+00
1.704622131827871145e+00
1.529024327241202075e+00
1.420268094299278472e+00
1.573978628020481940e+00
1.458457611152680578e+00
1.660015385352717754e+00
1.577364774303349648e+00
1.519295138301681725e+00
1.604621347509246121e+00
1.565467649709250786e+00
1.469359415097454269e+00
1.410985250832960114e+00
1.743852076447721888e+00
1.583190864429285805e+00
1.524210112048596688e+00
1.670203181633621581e+00
1.563002712172490760e+00
1.630702937632384497e+00
1.558191779468490745e+00
1.548398129272824608e+00
1.651062606619975393e+00
1.705889656139340405e+00
1.591980942825815371e+00
1.545927337318428352e+00
1.649051684218876490e+00
1.570143107771032165e+00
1.608462108939676227e+00
1.531435182450682886e+00
1.678139839649487097e+00
1.483850891495876345e+00
1.517511597740525575e+00
1.637175800621343935e+00
1.532918960997207813e+00
1.680634720175010477e+00
1.636839471596416518e+00
1.629297417878794008e+00
1.782137333581510941e+00
1.599765727988852637e+00
1.623885965653256047e+00
1.630438829243330279e+00
1.713396190434646860e+00
1.594159231928872433e+00
1.474548627764605158e+00
1.536505146583359682e+00
1.610612675003829874e+00
1.613367813208787194e+00
1.604777713235079339e+00
1.690933687149135167e+00
1.702105890940719846e+00
1.575243953167898781e+00
1.681464537789682856e+00
1.649047450585616970e+00
1.644101260728962455e+00
1.649896979914786455e+00
1.527583989082056837e+00
1.628284875584224078e+00
1.751076386254333483e+00
1.701173835281354130e+00
1.767003164657302339e+00
1.677763632237361247e+00
1.760943421824369803e+00
1.740521872119626057e+00
1.646847786033150740e+00
1.539335992511470685e+00
1.649170477156116865e+00
1.711787419423175916e+00
1.776772467681838830e+00
1.716126368486055709e+00
1.488620101745957713e+00
1.784052185576177951e+00
1.695451576252088088e+00
1.656766805980375068e+00
1.623174572313462294e+00
1.458576294871171131e+00
1.733623285570357941e+00
1.621881796555938671e+00
1.659403256345801214e+00
