4.787534691119125774e-01
4.251950653538740243e-01
4.291245243915778329e-01
3.228917584557543519e-01
2.424400773619672933e-01
1.863120907696693140e-01
1.688662154889677691e-01
2.406684747399390201e-01
4.007917381897301845e-01
3.923032395460905319e-01
4.312648603173802608e-01
4.546788939006113361e-01
5.476917897572693983e-01
6.174758536854445534e-01
6.530381484177217866e-01
7.583442739176813330e-01
7.963508786934475614e-01
7.016149867748676661e-01
7.300163846557233827e-01
6.706159651345210415e-01
6.265029752967560261e-01
6.356456411446642640e-01
6.146617906038440715e-01
6.442766820159141483e-01
6.239263068679434809e-01
6.303679465006239990e-01
6.271136188473572792e-01
5.551030261329795712e-01
5.873211331221818154e-01
5.709981221009090557e-01
5.454266229187356707e-01
6.254769422290586967e-01
5.692908050861908986e-01
5.264364347540082534e-01
6.562456622385522964e-01
6.416669789633465681e-01
6.124101748944579260e-01
6.242138893787777532e-01
5.662616243897213852e-01
5.732886878717816659e-01
5.751169282026989960e-01
5.278986098694484763e-01
6.283337153908011841e-01
5.962698449201040418e-01
6.348635994708167196e-01
6.315202207485723918e-01
6.290426442346155333e-01
5.559629393307774503e-01
5.993446830734961983e-01
5.690642620450000466e-01
6.090367669199011624e-01
5.875904269534970581e-01
5.864439675331791779e-01
5.603042567263125662e-01
5.923265011417140347e-01
5.853055006147594996e-01
6.019315587967286607e-01
5.940308787525453438e-01
6.559395470337563427e-01
5.810354343215023976e-01
5.472971923921730042e-01
5.213804149725617121e-01
5.997972278831150694e-01
5.645990239226960083e-01
5.979211401799245929e-01
6.677977472198599607e-01
5.750802872845482971e-01
6.072919879582227010e-01
6.197630094609839491e-01
5.721096589943694966e-01
6.118269450391570219e-01
6.460745701396757301e-01
5.945574189792229847e-01
5.592167936056695599e-01
5.738068630095704004e-01
5.569550266251139803e-01
5.661894323071409163e-01
5.972882669462906691e-01
5.871874255210253191e-01
6.098261477125428431e-01
5.975712326724610390e-01
6.163911350101284325e-01
6.728915130048401805e-01
5.864834955745794609e-01
6.125009621076923372e-01
5.596868455572311385e-01
5.074556134127905516e-01
6.069454136731432525e-01
6.371202799215401891e-01
6.779127158874435066e-01
6.290579731573400224e-01
5.801688980157941877e-01
5.287353869971368470e-01
5.435105261819913602e-01
5.367189436862889185e-01
5.608740835039245365e-01
5.897800599428798529e-01
5.446296059402767620e-01
5.849691245977524101e-01
5.284375994910676111e-01
5.417562420583681426e-01
5.858065824385240150e-01
5.915629111191532674e-01
5.565233983340885926e-01
5.590151462770565072e-01
5.490008532618791959e-01
5.559179663315391151e-01
5.516492630208388315e-01
5.420604986855402929e-01
5.455372505400464256e-01
5.846857142859382961e-01
5.805828273095813286e-01
6.460122643805940035e-01
6.521204316322257721e-01
6.292567118182271768e-01
5.249149820150025292e-01
5.805584288946556981e-01
5.450729207968376677e-01
5.581210544639304549e-01
5.859937640474354170e-01
5.325659892143359553e-01
5.878761890612886898e-01
5.176342614718381085e-01
5.642847166742306353e-01
5.398483409985457282e-01
5.676092966242870519e-01
5.468430814621606517e-01
5.427140537484045346e-01
5.186530948178618150e-01
5.431970877005610765e-01
5.125527607547448739e-01
5.735155522158715824e-01
4.909116959191872631e-01
5.688122084002779077e-01
6.535950503923555477e-01
6.858672150249073285e-01
6.642821310037442251e-01
5.946380745143562407e-01
5.966615546098444911e-01
5.497070916752597736e-01
6.189848082121166550e-01
5.620671493121359719e-01
5.258926774701283557e-01
4.694293540607367143e-01
4.465000347234331923e-01
4.964163365492829105e-01
5.346612951934959224e-01
5.311977779125759414e-01
5.147991374787617147e-01
5.159350212113350542e-01
5.447907451101734466e-01
4.784335001569154366e-01
4.646741156751095225e-01
4.808753282863766909e-01
5.041032926822244242e-01
5.057549161698893236e-01
4.634641090785243667e-01
4.685506051800591432e-01
4.740210023734501843e-01
5.078436214093210443e-01
4.966575247565570006e-01
4.984598280423972461e-01
5.248973136661365668e-01
5.255925666958818354e-01
5.253151444613355370e-01
5.233263766101466929e-01
5.265993100777732749e-01
4.840858515291426856e-01
5.087903219713809655e-01
4.623013535160969689e-01
5.124141703865331410e-01
4.841384229645350201e-01
4.985469647502666635e-01
5.200339609887540959e-01
4.961406661941918372e-01
4.795314773627771254e-01
4.574230982853078054e-01
4.548837648957337887e-01
4.753947597771978062e-01
4.789522699859705135e-01
4.732326911628637056e-01
5.263810596828345512e-01
4.846720998377045952e-01
5.221620452726707384e-01
4.794400677002331190e-01
5.243849920255057029e-01
5.285348295891799664e-01
4.932640369489852961e-01
4.850870441821708012e-01
5.118966986494930538e-01
4.731906046846633962e-01
4.691625169798901984e-01
4.470203996063062402e-01
4.852639820106190438e-01
4.897289084182505636e-01
4.829196582681576921e-01
5.071144934030105134e-01
5.052341694643786019e-01
4.909781173108849206e-01
4.939291354752231022e-01
4.853804485341018382e-01
4.706106064844640113e-01
4.660915263731804092e-01
4.493628944257807012e-01
4.872559769107775995e-01
5.006685557079506577e-01
4.957926820849214433e-01
4.814709480720579804e-01
4.993438162623723975e-01
4.515065054939345623e-01
4.620596976121628119e-01
4.708974223780885704e-01
4.807349948676744589e-01
4.920236512809200713e-01
4.844768157700574673e-01
4.836158558531423179e-01
4.910147620426046911e-01
5.149465402100240619e-01
4.926827375450362201e-01
4.714233762477382794e-01
5.173541223552426960e-01
4.619752226035109821e-01
4.907096629813503808e-01
4.910452051821207475e-01
5.169125408325765392e-01
4.751147008036861186e-01
5.273938406772201715e-01
4.816530115462248074e-01
4.691954721111053495e-01
5.063117580798253137e-01
4.976643918870950478e-01
4.937198431534263188e-01
4.872842783874689054e-01
5.077343358644350602e-01
4.754257646972198104e-01
4.634370770393133609e-01
4.598397127827674735e-01
4.852355137317674871e-01
4.835088753748645884e-01
4.827198760878805284e-01
4.967124466742675604e-01
5.035723266687111010e-01
4.950567088515595016e-01
4.956163660369486967e-01
4.974317081243585514e-01
5.239539785219152757e-01
5.021448737858179578e-01
5.112366050123327010e-01
4.922439583899055338e-01
5.165534748328730608e-01
4.991790554988275175e-01
5.059582850620276684e-01
5.063369968034201474e-01
5.068380451061550440e-01
4.810574969419289526e-01
5.144868499370827131e-01
5.036964253689267812e-01
5.180753978488672473e-01
4.980248905087834022e-01
5.246471246206413364e-01
5.004617653345762029e-01
5.210465299042674747e-01
5.262844809780493627e-01
5.164548706157261471e-01
5.161146757871196700e-01
5.206753807870289075e-01
5.123324545648819672e-01
5.215253570146614059e-01
5.188949876147179729e-01
5.206972481660807617e-01
5.167299609811314420e-01
5.134241896403275440e-01
5.075830796225609953e-01
5.590166289433691205e-01
5.121446536684816087e-01
5.251031675269601795e-01
5.179577427025912062e-01
5.064503368501039882e-01
5.280445660625847637e-01
5.183741360535722986e-01
5.290988152463118599e-01
5.321168895364407625e-01
5.059522196859166376e-01
4.994895438951842959e-01
5.261247509548797607e-01
5.130248717224853428e-01
5.018309340349652592e-01
5.066392374758391659e-01
5.138306688002617362e-01
5.245242816489080750e-01
4.841604083822870774e-01
5.161566500307580574e-01
5.154301857938393683e-01
4.882845028058909742e-01
5.104448475829773679e-01
5.011980945272430654e-01
5.028113812954561057e-01
4.864863570331741105e-01
5.006626628702864901e-01
5.138612911968506447e-01
5.081702457463797007e-01
4.989047774185640938e-01
5.412980211648465989e-01
5.041385028037176363e-01
5.106710696469791699e-01
5.263466923475413894e-01
5.091723153887667275e-01
5.185828957302097697e-01
5.284331508736817007e-01
5.329686722804196641e-01
5.337345489940931165e-01
5.271622004757084978e-01
5.214592110906185463e-01
5.379900769853118714e-01
5.263166825834000306e-01
5.301593123445568212e-01
5.319898835177575558e-01
5.306063608839451939e-01
5.506397862649274888e-01
5.195733931932324801e-01
5.232460347765696129e-01
5.295177317257099281e-01
5.548635311145578841e-01
5.288815530304684653e-01
5.405990017169812756e-01
5.280998869916593286e-01
5.339170767841125986e-01
5.157969302640779130e-01
5.235732737061886688e-01
5.208496397004402922e-01
5.127296920372521605e-01
5.140924198467599071e-01
5.168630980563846400e-01
5.006944472149048586e-01
5.070918974642093513e-01
5.040864006579259815e-01
5.095321741282162753e-01
5.001640590043812118e-01
4.857660807530930769e-01
5.006310635368190765e-01
5.269134472424206184e-01
5.138676244906845714e-01
4.933827463787623935e-01
4.951561556544343268e-01
4.909046629817547247e-01
5.111814914054011449e-01
4.989325048049584321e-01
5.100783618581308243e-01
5.081805885226525765e-01
5.020417720181193921e-01
5.213754668169340301e-01
5.063412609465958170e-01
5.121399577319334373e-01
5.147305151077515850e-01
5.124482962395037200e-01
4.993157350916107573e-01
5.247567008093363405e-01
5.028610744242388852e-01
5.116566154123858290e-01
5.125772191966478930e-01
5.237301162590879411e-01
5.057119765277523493e-01
5.052434089687609653e-01
5.167059677260935624e-01
4.875437300620958925e-01
5.042088142741529833e-01
5.177620510320491976e-01
5.109896301430197907e-01
5.067366664133586829e-01
5.030720850756049689e-01
4.998289772222228589e-01
5.124970299094518955e-01
5.010516921775943766e-01
4.938725980537105875e-01
5.107606902737288346e-01
5.095231839521421335e-01
5.162737088639666183e-01
5.222289318639328215e-01
5.125661306633862990e-01
5.125495262278565445e-01
5.210414261130116298e-01
5.147191935660009321e-01
5.087333214346074772e-01
5.253300693676142830e-01
5.195125081780613829e-01
5.119394927968794473e-01
5.131230921940655998e-01
5.136916539778489943e-01
5.124193555736237249e-01
5.084692460471526010e-01
4.928175077804638482e-01
5.118159957810410887e-01
5.044340403691597308e-01
5.018504262860367104e-01
5.177985811978450537e-01
4.990271496224822356e-01
5.100012273618038661e-01
4.991546549197651284e-01
5.114878134819645927e-01
5.088548957378633553e-01
5.126794471054705316e-01
5.076283341454668196e-01
5.107604947316708444e-01
5.018966835253499958e-01
5.109418481557629343e-01
5.070776725378863814e-01
5.089703330311239338e-01
5.070491748406110721e-01
5.056491656865149675e-01
5.079834190590520882e-01
5.094663776081465034e-01
5.049801983975557018e-01
5.043586345019606121e-01
5.159033212745247621e-01
4.992807502485364646e-01
5.120206317946701668e-01
5.113484887284065472e-01
5.114013914817813200e-01
5.081198362494315779e-01
5.025909060840912934e-01
5.026871105019512509e-01
5.026831026749997156e-01
5.069971060516678119e-01
5.109493720121479621e-01
5.025026913771797332e-01
5.102837503761482596e-01
5.135690430242942917e-01
5.140313245938166187e-01
5.087566639298174431e-01
5.113682064917078884e-01
5.143464536076048921e-01
5.112555326125689525e-01
5.096954502782291563e-01
5.147420383413581213e-01
5.023873574302440970e-01
5.065010963402561961e-01
5.155493160676370978e-01
5.036689351564573869e-01
5.114860906923757167e-01
5.131396901633383800e-01
5.053621885013405146e-01
5.083281135414245977e-01
5.031305649818552661e-01
5.048984248149782639e-01
5.097833169639620632e-01
5.120183974918846026e-01
5.074851902743100496e-01
5.068727794119619601e-01
5.129470655840087101e-01
5.092906699469380571e-01
5.121160409888980691e-01
5.054020456633755431e-01
5.135536300623059214e-01
5.062303817121969196e-01
5.127761260499229534e-01
5.130007034257892951e-01
5.080422443923084952e-01
5.076418252151780885e-01
5.091928456981098527e-01
5.105874574558101342e-01
5.064235326020392058e-01
5.102738976239363788e-01
5.075378703616570952e-01
5.102528740476225400e-01
5.082982306563154085e-01
5.050243622066081794e-01
5.095252945649874077e-01
5.073043993047906541e-01
5.086736806452117898e-01
5.073619982948509577e-01
5.066590860140874897e-01
5.112144670131769653e-01
5.086296937205928570e-01
5.060717014710918171e-01
5.106210244015879640e-01
5.090754815148996748e-01
5.067356433110083991e-01
5.103059710431172569e-01
5.099551816089588074e-01
5.088087230666461513e-01
5.083252142545203744e-01
5.088192666741871983e-01
5.072777477094172482e-01
5.091431034260753830e-01
5.098778404609209947e-01
5.076863795876012109e-01
5.074414487879358449e-01
5.090634959266101545e-01
5.093347914872276005e-01
5.084596043397566767e-01
5.074520272869702531e-01
5.086022748477608824e-01
5.080399243003751453e-01
5.080542035500603681e-01
5.085861157815445566e-01
5.078958833849008814e-01
5.087994455648502390e-01
5.084952465140623046e-01
5.087497271020060552e-01
5.086061350627872901e-01
