5.559482913834566942e-01
5.424729695094188120e-01
5.086985001857731170e-01
4.166892831488013260e-01
3.765467740181827061e-01
2.775925070741454004e-01
1.526980402490305255e-01
1.410142072635930111e-01
1.228088272638848677e-01
2.057047093902642509e-01
3.523949223612125037e-01
4.799752596700451179e-01
5.271257363813305341e-01
5.000002255176990706e-01
5.044430798424373030e-01
5.672471890819291707e-01
6.015918781309099739e-01
5.948709341761998504e-01
6.818078489416095067e-01
7.327189345457146841e-01
7.585330509513843467e-01
7.577874630353003127e-01
8.337804998919504662e-01
7.867311948510087305e-01
7.712986860407634593e-01
7.833471490809660320e-01
7.831835064267141933e-01
7.982270069092174403e-01
7.236299306274751597e-01
7.255304148995217473e-01
6.484641814264648918e-01
6.636912968822200609e-01
6.233379042413705884e-01
5.516247373031561985e-01
5.846362163593510353e-01
5.555683022256489023e-01
5.598748960981718703e-01
5.631163039588703567e-01
5.742451789940627993e-01
5.511023827497867345e-01
5.334488959751394477e-01
5.363308099004436835e-01
4.888266743248589341e-01
5.701308198031204144e-01
4.953215371390909394e-01
4.661973743890981403e-01
5.239052020419127098e-01
4.717816281162841019e-01
4.682510671766149102e-01
5.075737333042344979e-01
5.172608139973430275e-01
4.868767996937495290e-01
4.849879253078063224e-01
4.816059424414227408e-01
5.095732153664007669e-01
4.473552374870728432e-01
5.470384946835862294e-01
5.137219467280642604e-01
5.621570774724024000e-01
5.251748131922211460e-01
5.358633327943360669e-01
4.817975795248311544e-01
5.041883439642453890e-01
5.328522446454302397e-01
4.672958240454076484e-01
4.798959796194827154e-01
4.973934824347885364e-01
5.080514103894137046e-01
4.889923233735586905e-01
5.072770470434416756e-01
4.711191157134086427e-01
5.302469819996513678e-01
4.947965224848059895e-01
4.816308268526837133e-01
5.130300132526631751e-01
5.186492332476062561e-01
5.101653377978129233e-01
4.921428630820218197e-01
5.202557217532314260e-01
4.974676366819698603e-01
5.033225282724660410e-01
4.883975627712100476e-01
4.964369567265247141e-01
5.301103865474682264e-01
5.183728103536191512e-01
5.387193417919526883e-01
4.886390820366202647e-01
4.568532605979019889e-01
4.678092084949158069e-01
4.617285832825096525e-01
4.851846451946451033e-01
5.295507903122808058e-01
5.425666628793440749e-01
4.866700645562253569e-01
4.566130390389613880e-01
4.957205910479603461e-01
4.537198279355155739e-01
4.763988635768539037e-01
4.587144967129522244e-01
4.413224781320876366e-01
4.799380401952171304e-01
4.270580106537298359e-01
4.353890055147812688e-01
4.410998895471878734e-01
4.232074860134429350e-01
4.437870381804032704e-01
3.892781038250474057e-01
3.987334253909607940e-01
4.554804580739875708e-01
4.903335074258640680e-01
4.411850220837100767e-01
4.894637675492126694e-01
4.845106537409424874e-01
4.537138789489613688e-01
4.240317831826578843e-01
4.629407339749424533e-01
4.462693967556596308e-01
4.270297281036063430e-01
4.012951479220574491e-01
4.062233920333037096e-01
4.333371386185989604e-01
4.626737197228386611e-01
3.982562039655690445e-01
4.371999317352566750e-01
4.453268941235119516e-01
3.911909273128720277e-01
4.372146352678992764e-01
4.392003802101129839e-01
4.645494600012697872e-01
4.376537215771208467e-01
4.126625144106355059e-01
4.365017638983183512e-01
4.563378668706150609e-01
4.288058739437844435e-01
4.023110697990241458e-01
4.352152069652803767e-01
4.367739344303401272e-01
4.267160678600708801e-01
4.324301949762153208e-01
4.398779555736645475e-01
4.332905613880045359e-01
4.216140047213696729e-01
4.820496461905770524e-01
4.286202229441675171e-01
3.939736030959082314e-01
3.769155626216431076e-01
3.989146945291920376e-01
4.108847543068547270e-01
4.421314457406797516e-01
4.065357306844984420e-01
3.544310288392537589e-01
3.658218311495744501e-01
3.834291788461444139e-01
3.874883867401852089e-01
3.836846836427417196e-01
3.892355843049092878e-01
4.186038770784816787e-01
3.973764344447743291e-01
4.303596545972935283e-01
3.700128869126694808e-01
4.045520963680062643e-01
4.189075625790696367e-01
4.163434089357510026e-01
4.434504523954281296e-01
4.318423671059316016e-01
4.119826187767458014e-01
3.883401909238390903e-01
3.830953383264383838e-01
4.134948576244324991e-01
4.553848838955517064e-01
4.263986832766210044e-01
4.397824765436165739e-01
4.076515761960414763e-01
3.664914749085804169e-01
4.106268465474232077e-01
4.265618575530331080e-01
4.137204296408700799e-01
4.639993068180440772e-01
4.743588516213984585e-01
4.506496761650367056e-01
4.706550738738630724e-01
4.300945744900668277e-01
4.317455091047843196e-01
4.514728807286650381e-01
4.815380946807147344e-01
4.684845783177132850e-01
4.660751534196209689e-01
4.577900821273905296e-01
4.930833730468939802e-01
5.181089911863611119e-01
5.283317468693121688e-01
4.893468762059109411e-01
4.770500060935520814e-01
4.850229895862090412e-01
4.693159568097462486e-01
4.914376956673233154e-01
4.660576789490574745e-01
4.476568180813986220e-01
4.503693939148500913e-01
4.097453812899891634e-01
4.690578810371532348e-01
4.821952383971608302e-01
5.146185390691867534e-01
4.846214718326521398e-01
4.683473292861527471e-01
4.742198366109482977e-01
4.765903902269522652e-01
4.931666990886936497e-01
4.911819685419203108e-01
4.926224688936949314e-01
4.778577890338747136e-01
4.763525922979310878e-01
5.297485599773391618e-01
5.185902450946717757e-01
5.193778401008664058e-01
4.603744020901054945e-01
4.832539219461628455e-01
4.647460040587701458e-01
4.990089923092488333e-01
5.293197898225264764e-01
4.711321989849501235e-01
5.048083774424461101e-01
5.146947498677778565e-01
5.081693828318716299e-01
5.065566460054334863e-01
5.173555128808087211e-01
5.093285316771143378e-01
5.199356956864976675e-01
5.338778546760831745e-01
4.896809466472233918e-01
5.162897409155725592e-01
4.921056032278918746e-01
4.680134666680759170e-01
5.225229600755132431e-01
5.164751942778087468e-01
5.099514922957409935e-01
5.220534070683037209e-01
5.107257322518300446e-01
5.122038548898767418e-01
5.023112275410948069e-01
4.957623494717041113e-01
5.034081947043607119e-01
5.057264577460682808e-01
4.812767076452043047e-01
5.054432473604392184e-01
5.121359709670096905e-01
4.898549668482630737e-01
4.864865248244527041e-01
5.330978666713750425e-01
5.305562265835377378e-01
5.236150601896291112e-01
5.134809675615419344e-01
5.190242386078238734e-01
5.060738107420574838e-01
5.059538798606950660e-01
4.805571745150844509e-01
5.058334720769136483e-01
5.111092647094632735e-01
5.099885803237902415e-01
5.085071882581450042e-01
5.263994945934707959e-01
5.297448341390627036e-01
5.548761738408296562e-01
5.147138324565035949e-01
5.113084054131458167e-01
5.140755884574279566e-01
5.251430541552595255e-01
5.161605130152914223e-01
5.069828631905344274e-01
5.325398107643929402e-01
5.248307248258614610e-01
5.523899980915534247e-01
5.445483289546847461e-01
5.583363379733237153e-01
5.685976156922019076e-01
5.427295290547982098e-01
5.541411908550945009e-01
5.113422514154709608e-01
4.976765506413404205e-01
5.230046279180307067e-01
5.317330995736125887e-01
5.242588351187098539e-01
5.239809604357884565e-01
5.522429120483938192e-01
5.417340222524048565e-01
5.249514463112842089e-01
5.264163832107924268e-01
5.558613505075630234e-01
5.551773305395429903e-01
5.162030407081047434e-01
5.089921745374375028e-01
5.078736561275474237e-01
5.179797644333866691e-01
5.202253834240639918e-01
5.139308055081124316e-01
5.112721102583031030e-01
5.337327854293668628e-01
5.205951029207961378e-01
5.065470826688845962e-01
5.072443250925495750e-01
5.407702914343897049e-01
5.244593361240021956e-01
5.231181740128828528e-01
5.093646841120679225e-01
5.135600193879147346e-01
5.163526871618111524e-01
5.162953014029452170e-01
5.193948983260024965e-01
5.192914761460589723e-01
5.099725361888696185e-01
5.168952685537334668e-01
5.105211578960893171e-01
4.923645397823948611e-01
4.874930717888084075e-01
4.846348705624354825e-01
4.916934523505330779e-01
4.851492088581943474e-01
4.977908555490306863e-01
5.070911743923258719e-01
5.357564677947331822e-01
5.304222187386550269e-01
5.467314141421688589e-01
5.301150920517273546e-01
5.396405024795081218e-01
5.321225354218642734e-01
5.061927680127955576e-01
5.110363401696124130e-01
4.808847028718676864e-01
4.860951220066931922e-01
5.093096555105328660e-01
5.176813163545215257e-01
5.242125450462237213e-01
5.281264389265607484e-01
5.208587919780525155e-01
5.227723030710482721e-01
5.303900232074371113e-01
5.181896698075606489e-01
5.355935494117503026e-01
5.477871796508350100e-01
5.546276758408601459e-01
5.769035898934127271e-01
5.775411072224881925e-01
5.734360446167161562e-01
5.730623535842939154e-01
5.747956168220080819e-01
5.779588638017905122e-01
5.610573279583258577e-01
5.654454441627841943e-01
5.282400661674435671e-01
5.521109235976515706e-01
5.489482816927440112e-01
5.332404475748330208e-01
5.306510496263751042e-01
5.552435746280489637e-01
5.200231088874146534e-01
5.322457264847427760e-01
5.383781324822111136e-01
5.410712256686387445e-01
5.409314994409875066e-01
5.422366826673661322e-01
5.520935883778534947e-01
5.480420198268387555e-01
5.371658931591664077e-01
5.447888122124932009e-01
5.472368397199773860e-01
5.448622942397227664e-01
5.317750976786478345e-01
5.374212675107896686e-01
5.316022096369185101e-01
5.349618237528364073e-01
5.364835855670265774e-01
5.330402693638049971e-01
5.610789163199096929e-01
5.400463785537028549e-01
5.476126397864063966e-01
5.326518459130286098e-01
5.407198380625010126e-01
5.350107395131058485e-01
5.365090162522264672e-01
5.336377483005033673e-01
5.431304303540139822e-01
5.396157740437531602e-01
5.354832694963413964e-01
5.464910307845266546e-01
5.334872979232918588e-01
5.293845621751624986e-01
5.545304623682558720e-01
5.398102820924682854e-01
5.450047354346202466e-01
5.455701103694053922e-01
5.470002072941850813e-01
5.428634373659103618e-01
5.332249934039118289e-01
5.377964706940516759e-01
5.377124057292854697e-01
5.303260719008110469e-01
5.356917834100346498e-01
5.302830915356637753e-01
5.403775860447742607e-01
5.284516855127672219e-01
5.437130895372420669e-01
5.326292393711054007e-01
5.336215789269439513e-01
5.405582631110051883e-01
5.274835817055952836e-01
5.422432405400475774e-01
5.373348190239837230e-01
5.445931351335154824e-01
5.308861064677838915e-01
5.358598268446591595e-01
5.534460261044513718e-01
5.313639727992134354e-01
5.364294119973813668e-01
5.357409756603024320e-01
5.363512141855141246e-01
5.343645272942270097e-01
5.381878757306033378e-01
5.376686537320923831e-01
5.447088514827342909e-01
5.384841725938011026e-01
5.318830267203754625e-01
5.356146677408982759e-01
5.366488370700932542e-01
5.387900219350614250e-01
5.474308105017207104e-01
5.398462497625172718e-01
5.364686434276858540e-01
5.398482448403840728e-01
5.354969992693990877e-01
5.389701068339498580e-01
5.432901741956561725e-01
5.337832832487962031e-01
5.365293723911878088e-01
5.422472669585116645e-01
5.424615678453539314e-01
5.411462941364446610e-01
5.375353621276812710e-01
5.387546672880937360e-01
5.322603840563927546e-01
5.399820734979146053e-01
5.408294285953124669e-01
5.409075074803947336e-01
5.371451732798560030e-01
5.439426662506066101e-01
5.355822314061745582e-01
5.403074456079758336e-01
5.398586358940964391e-01
5.394362390279676678e-01
5.342901041809704488e-01
5.426681778721119676e-01
5.443086769121979751e-01
5.420932107890991114e-01
5.368210489901737992e-01
5.398597475200079820e-01
5.414924825437525957e-01
5.370223263171349792e-01
5.352590376894221791e-01
5.359982546388567526e-01
5.435179168058739130e-01
5.406402934219977086e-01
5.390290310351416592e-01
5.387619173420929997e-01
5.371275180105662406e-01
5.372138909048017608e-01
5.363214617360811953e-01
5.375355005850969148e-01
5.397152994921329272e-01
5.376101353011806250e-01
5.383080538029747508e-01
5.385565724929892717e-01
5.394525027551644314e-01
5.386382277511325700e-01
5.374533345283259989e-01
5.379934242193542548e-01
5.418056246897228201e-01
5.372693990744967785e-01
5.369289639075452980e-01
5.393492083306662410e-01
5.359537142621106920e-01
5.405038598718069354e-01
5.369646502834538593e-01
5.390286977925414780e-01
5.383878961961465759e-01
5.400987306987888870e-01
5.374687248712268772e-01
5.381908177181872199e-01
5.386808881181658348e-01
5.385963627572124546e-01
5.375720141971593868e-01
5.379797376334871650e-01
5.383601170342113829e-01
5.393401101167816236e-01
5.389038419742248065e-01
5.387888760741001981e-01
5.388800602609855606e-01
5.373888566043123483e-01
5.376899244040669323e-01
5.384756821935300364e-01
5.388634751831360425e-01
5.383014184505254818e-01
